 Age of the universe in Myr    173.797887171380     
      Id   Mass(Msol)      x(Lbox)      y(Lbox)      z(Lbox)     Age(Myr)
     214  3.19393E+03  1.14380E-01  3.07495E-01  1.50269E-01  0.00000E+00  0.00000E+00
     173  3.19393E+03  1.72242E-01  3.84925E-01  1.42686E-01  1.76901E+00  0.00000E+00
     137  3.19393E+03  4.03862E-01  1.97622E-01  1.30242E-01  3.53460E+00  0.00000E+00
     215  3.19393E+03  3.87085E-01  1.93237E-01  1.35620E-01  0.00000E+00  0.00000E+00
     216  3.19393E+03  4.04175E-01  1.97632E-01  1.30249E-01  0.00000E+00  0.00000E+00
      20  3.19393E+03  4.43028E-01  3.30665E-01  4.22243E-01  1.91986E+01  0.00000E+00
      70  3.19393E+03  4.43007E-01  3.30597E-01  4.22164E-01  1.05470E+01  0.00000E+00
      71  3.19393E+03  4.40648E-01  3.31237E-01  4.20967E-01  1.05470E+01  0.00000E+00
     138  3.19393E+03  4.43000E-01  3.30727E-01  4.22203E-01  3.53460E+00  0.00000E+00
     174  3.19393E+03  4.42997E-01  3.30708E-01  4.22222E-01  1.76901E+00  0.00000E+00
     139  3.19393E+03  2.60384E-01  1.34879E-01  6.08033E-01  3.53460E+00  0.00000E+00
     140  3.19393E+03  2.62800E-01  1.35585E-01  6.07063E-01  3.53460E+00  0.00000E+00
     175  3.19393E+03  2.60621E-01  1.34642E-01  6.08758E-01  1.76901E+00  0.00000E+00
     176  6.38786E+03  2.60620E-01  1.34642E-01  6.08998E-01  1.76901E+00  0.00000E+00
      72  3.19393E+03  1.80802E-02  9.88332E-02  9.52175E-01  1.05470E+01  0.00000E+00
     101  3.19393E+03  1.78191E-02  9.90105E-02  9.52350E-01  7.05086E+00  0.00000E+00
     113  3.19393E+03  1.77947E-02  9.90130E-02  9.51662E-01  5.29544E+00  0.00000E+00
     114  3.19393E+03  1.80007E-02  9.89930E-02  9.52102E-01  5.29544E+00  0.00000E+00
     141  3.19393E+03  1.77657E-02  9.90097E-02  9.51622E-01  3.53460E+00  0.00000E+00
     142  3.19393E+03  1.79839E-02  9.89975E-02  9.52078E-01  3.53460E+00  0.00000E+00
     217  6.38786E+03  1.74561E-02  9.92432E-02  9.52026E-01  0.00000E+00  0.00000E+00
     177  3.19393E+03  6.14020E-02  1.85176E-01  8.25333E-01  1.76901E+00  0.00000E+00
     218  3.19393E+03  1.96533E-02  4.32495E-01  7.80640E-01  0.00000E+00  0.00000E+00
     219  3.19393E+03  1.98975E-02  4.32495E-01  7.80640E-01  0.00000E+00  0.00000E+00
      18  3.19393E+03  4.43486E-01  4.32065E-01  9.69838E-01  2.09133E+01  0.00000E+00
      21  3.19393E+03  4.43491E-01  4.32191E-01  9.69840E-01  1.91986E+01  0.00000E+00
      89  3.19393E+03  4.43477E-01  4.32107E-01  9.69633E-01  8.80137E+00  0.00000E+00
     102  3.19393E+03  4.43489E-01  4.29448E-01  9.67653E-01  7.05086E+00  0.00000E+00
     115  3.19393E+03  4.43483E-01  4.32295E-01  9.69849E-01  5.29544E+00  0.00000E+00
     116  3.19393E+03  4.43485E-01  4.30600E-01  9.67912E-01  5.29544E+00  0.00000E+00
     117  3.19393E+03  4.43481E-01  4.30612E-01  9.68138E-01  5.29544E+00  0.00000E+00
     143  3.19393E+03  4.43480E-01  4.32280E-01  9.69617E-01  3.53460E+00  0.00000E+00
     144  3.19393E+03  4.43485E-01  4.30348E-01  9.67900E-01  3.53460E+00  0.00000E+00
     145  3.19393E+03  4.43478E-01  4.28683E-01  9.67646E-01  3.53460E+00  0.00000E+00
     178  3.19393E+03  4.43482E-01  4.32031E-01  9.69849E-01  1.76901E+00  0.00000E+00
     179  3.19393E+03  4.43483E-01  4.30323E-01  9.67897E-01  1.76901E+00  0.00000E+00
     180  3.19393E+03  4.44446E-01  4.29598E-01  9.65717E-01  1.76901E+00  0.00000E+00
     220  3.19393E+03  4.43481E-01  4.32007E-01  9.69849E-01  0.00000E+00  0.00000E+00
     221  3.19393E+03  4.43481E-01  4.32495E-01  9.69849E-01  0.00000E+00  0.00000E+00
     222  3.19393E+03  4.44214E-01  4.31519E-01  9.63989E-01  0.00000E+00  0.00000E+00
     223  3.19393E+03  4.43970E-01  4.29810E-01  9.66187E-01  0.00000E+00  0.00000E+00
     224  3.19393E+03  4.43970E-01  4.30054E-01  9.66187E-01  0.00000E+00  0.00000E+00
     225  3.19393E+03  4.43481E-01  4.28833E-01  9.67651E-01  0.00000E+00  0.00000E+00
     103  3.19393E+03  3.62686E-01  2.53056E-01  6.52262E-01  7.05086E+00  0.00000E+00
      22  3.19393E+03  1.78730E-01  6.66037E-01  6.66533E-01  1.91986E+01  0.00000E+00
      28  3.19393E+03  1.78741E-01  6.66051E-01  6.66700E-01  1.74784E+01  0.00000E+00
      36  6.38786E+03  1.78857E-01  6.66064E-01  6.66755E-01  1.57534E+01  0.00000E+00
     118  3.19393E+03  1.78640E-01  6.66102E-01  6.66528E-01  5.29544E+00  0.00000E+00
     119  3.19393E+03  1.78860E-01  6.66118E-01  6.66977E-01  5.29544E+00  0.00000E+00
     146  3.19393E+03  1.78844E-01  6.65901E-01  6.66559E-01  3.53460E+00  0.00000E+00
     147  3.19393E+03  1.78625E-01  6.66113E-01  6.66558E-01  3.53460E+00  0.00000E+00
     181  6.38786E+03  1.77877E-01  6.65408E-01  6.67070E-01  1.76901E+00  0.00000E+00
     226  3.19393E+03  1.78833E-01  6.66138E-01  6.66382E-01  0.00000E+00  0.00000E+00
     227  3.19393E+03  1.78833E-01  6.66138E-01  6.66626E-01  0.00000E+00  0.00000E+00
      19  3.19393E+03  3.53398E-01  6.79613E-01  6.04473E-01  2.09133E+01  0.00000E+00
      29  3.19393E+03  3.53873E-01  6.79015E-01  6.02786E-01  1.74784E+01  0.00000E+00
      30  3.19393E+03  3.53870E-01  6.79056E-01  6.02967E-01  1.74784E+01  0.00000E+00
      31  3.19393E+03  3.53399E-01  6.79489E-01  6.04330E-01  1.74784E+01  0.00000E+00
      37  3.19393E+03  3.53397E-01  6.79535E-01  6.04503E-01  1.57534E+01  0.00000E+00
      45  3.19393E+03  3.53398E-01  6.79538E-01  6.04535E-01  1.40229E+01  0.00000E+00
      56  3.19393E+03  3.53865E-01  6.79233E-01  6.03254E-01  1.22876E+01  0.00000E+00
     120  3.19393E+03  3.53397E-01  6.79770E-01  6.04740E-01  5.29544E+00  0.00000E+00
     121  3.19393E+03  3.54087E-01  6.79063E-01  6.02856E-01  5.29544E+00  0.00000E+00
     148  3.19393E+03  3.53397E-01  6.79784E-01  6.04778E-01  3.53460E+00  0.00000E+00
     149  6.38786E+03  3.53875E-01  6.79073E-01  6.03110E-01  3.53460E+00  0.00000E+00
     150  3.19393E+03  3.53396E-01  6.79543E-01  6.04313E-01  3.53460E+00  0.00000E+00
     182  3.19393E+03  3.54592E-01  6.78828E-01  6.02163E-01  1.76901E+00  0.00000E+00
     151  3.19393E+03  4.68376E-01  6.15358E-01  6.95188E-01  3.53460E+00  0.00000E+00
     228  3.19393E+03  4.93774E-01  6.19507E-01  7.18872E-01  0.00000E+00  0.00000E+00
      32  3.19393E+03  4.05280E-01  6.72014E-01  6.44380E-01  1.74784E+01  0.00000E+00
      38  3.19393E+03  4.05313E-01  6.72049E-01  6.44278E-01  1.57534E+01  0.00000E+00
      57  3.19393E+03  4.05542E-01  6.72008E-01  6.44477E-01  1.22876E+01  0.00000E+00
     122  3.19393E+03  4.05728E-01  6.72006E-01  6.44479E-01  5.29544E+00  0.00000E+00
     152  3.19393E+03  4.05317E-01  6.72231E-01  6.44084E-01  3.53460E+00  0.00000E+00
     229  3.19393E+03  4.05396E-01  6.71997E-01  6.44165E-01  0.00000E+00  0.00000E+00
     153  3.19393E+03  4.89192E-01  9.39096E-01  6.48805E-01  3.53460E+00  0.00000E+00
     183  3.19393E+03  8.41953E-03  9.96683E-01  4.72775E-01  1.76901E+00  0.00000E+00
       9  6.38786E+03  2.14193E-02  7.82399E-01  3.86347E-01  2.43265E+01  0.00000E+00
     230  6.38786E+03  2.16064E-02  7.82349E-01  3.86353E-01  0.00000E+00  0.00000E+00
       1  6.38786E+03  6.59927E-02  7.77198E-01  3.51130E-01  4.26831E+01  0.00000E+00
       2  3.19393E+03  6.59925E-02  7.77183E-01  3.51134E-01  4.10435E+01  0.00000E+00
       7  3.19393E+03  6.59337E-02  7.77201E-01  3.51140E-01  2.60244E+01  0.00000E+00
      10  3.19393E+03  6.59096E-02  7.77206E-01  3.51145E-01  2.43265E+01  0.00000E+00
      11  3.19393E+03  6.59917E-02  7.77243E-01  3.51115E-01  2.43265E+01  0.00000E+00
      23  3.19393E+03  6.57944E-02  7.77116E-01  3.51163E-01  1.91986E+01  0.00000E+00
      39  3.19393E+03  6.60020E-02  7.77199E-01  3.51132E-01  1.57534E+01  0.00000E+00
      40  3.19393E+03  6.60632E-02  7.77327E-01  3.51010E-01  1.57534E+01  0.00000E+00
      46  3.19393E+03  6.58655E-02  7.77159E-01  3.51159E-01  1.40229E+01  0.00000E+00
      47  3.19393E+03  6.59922E-02  7.77195E-01  3.51139E-01  1.40229E+01  0.00000E+00
      73  3.19393E+03  6.55685E-02  7.76966E-01  3.51182E-01  1.05470E+01  0.00000E+00
      74  3.19393E+03  6.57710E-02  7.77003E-01  3.51173E-01  1.05470E+01  0.00000E+00
      75  3.19393E+03  6.61719E-02  7.77377E-01  3.50969E-01  1.05470E+01  0.00000E+00
     104  3.19393E+03  6.52347E-02  7.76739E-01  3.51192E-01  7.05086E+00  0.00000E+00
     123  3.19393E+03  6.61018E-02  7.77203E-01  3.51168E-01  5.29544E+00  0.00000E+00
     154  3.19393E+03  6.58682E-02  7.77202E-01  3.51183E-01  3.53460E+00  0.00000E+00
     184  3.19393E+03  6.60650E-02  7.77214E-01  3.50958E-01  1.76901E+00  0.00000E+00
     185  9.58178E+03  6.58337E-02  7.77211E-01  3.51190E-01  1.76901E+00  0.00000E+00
     231  6.38786E+03  6.43311E-02  7.76245E-01  3.51685E-01  0.00000E+00  0.00000E+00
     232  3.19393E+03  6.48193E-02  7.76733E-01  3.51196E-01  0.00000E+00  0.00000E+00
     233  3.19393E+03  6.50635E-02  7.76733E-01  3.51196E-01  0.00000E+00  0.00000E+00
     234  3.19393E+03  6.60400E-02  7.76978E-01  3.51196E-01  0.00000E+00  0.00000E+00
     235  3.19393E+03  6.60400E-02  7.77222E-01  3.51196E-01  0.00000E+00  0.00000E+00
     236  3.19393E+03  6.62842E-02  7.77222E-01  3.51196E-01  0.00000E+00  0.00000E+00
     186  3.19393E+03  9.16879E-02  7.85502E-01  3.11909E-01  1.76901E+00  0.00000E+00
     187  3.19393E+03  9.16905E-02  7.85742E-01  3.12145E-01  1.76901E+00  0.00000E+00
     237  3.19393E+03  9.16748E-02  7.85522E-01  3.11890E-01  0.00000E+00  0.00000E+00
     238  3.19393E+03  9.16748E-02  7.86011E-01  3.12134E-01  0.00000E+00  0.00000E+00
     124  3.19393E+03  6.62896E-02  9.95469E-01  6.43120E-02  5.29544E+00  0.00000E+00
       3  3.19393E+03  2.11653E-01  7.85822E-01  1.48320E-01  3.10813E+01  0.00000E+00
       4  3.19393E+03  2.11643E-01  7.85834E-01  1.48288E-01  2.94012E+01  0.00000E+00
       5  3.19393E+03  2.11684E-01  7.85827E-01  1.48431E-01  2.94012E+01  0.00000E+00
      12  3.19393E+03  2.11773E-01  7.85763E-01  1.48724E-01  2.43265E+01  0.00000E+00
      41  3.19393E+03  2.11776E-01  7.85672E-01  1.48539E-01  1.57534E+01  0.00000E+00
      48  6.38786E+03  2.11591E-01  7.85856E-01  1.48079E-01  1.40229E+01  0.00000E+00
      58  3.19393E+03  2.11808E-01  7.85843E-01  1.48848E-01  1.22876E+01  0.00000E+00
      76  6.38786E+03  2.11804E-01  7.85859E-01  1.48816E-01  1.05470E+01  0.00000E+00
      77  3.19393E+03  2.11784E-01  7.85859E-01  1.48611E-01  1.05470E+01  0.00000E+00
     188  3.19393E+03  2.11795E-01  7.85516E-01  1.48609E-01  1.76901E+00  0.00000E+00
     189  3.19393E+03  2.11793E-01  7.85749E-01  1.48609E-01  1.76901E+00  0.00000E+00
     190  3.19393E+03  2.11793E-01  7.85515E-01  1.48371E-01  1.76901E+00  0.00000E+00
     191  3.19393E+03  2.11789E-01  7.85750E-01  1.48372E-01  1.76901E+00  0.00000E+00
     192  3.19393E+03  2.13014E-01  7.35226E-01  1.62005E-01  1.76901E+00  0.00000E+00
      78  3.19393E+03  1.63455E-01  6.97152E-01  2.84589E-01  1.05470E+01  0.00000E+00
     239  3.19393E+03  1.91772E-01  6.64673E-01  4.60327E-01  0.00000E+00  0.00000E+00
     240  3.19393E+03  2.87231E-01  7.00317E-01  2.21069E-01  0.00000E+00  0.00000E+00
     241  3.19393E+03  4.30542E-01  6.72729E-01  2.43042E-01  0.00000E+00  0.00000E+00
      59  3.19393E+03  3.43840E-01  8.48136E-01  6.05098E-02  1.22876E+01  0.00000E+00
      79  3.19393E+03  3.43843E-01  8.48124E-01  6.06577E-02  1.05470E+01  0.00000E+00
     125  3.19393E+03  3.43852E-01  8.48298E-01  6.07797E-02  5.29544E+00  0.00000E+00
     155  3.19393E+03  3.43851E-01  8.48285E-01  6.02941E-02  3.53460E+00  0.00000E+00
     193  6.38786E+03  3.43859E-01  8.48757E-01  6.04746E-02  1.76901E+00  0.00000E+00
       6  6.38786E+03  3.46046E-01  9.75495E-01  6.99804E-03  2.94012E+01  0.00000E+00
      13  3.19393E+03  3.46040E-01  9.75552E-01  6.96575E-03  2.26225E+01  0.00000E+00
      14  3.19393E+03  3.46056E-01  9.75661E-01  6.91526E-03  2.26225E+01  0.00000E+00
      42  3.19393E+03  3.46045E-01  9.75678E-01  6.91330E-03  1.57534E+01  0.00000E+00
      49  6.38786E+03  3.45163E-01  9.76610E-01  5.77819E-03  1.40229E+01  0.00000E+00
      50  3.19393E+03  3.46041E-01  9.75574E-01  6.94316E-03  1.40229E+01  0.00000E+00
      51  3.19393E+03  3.46048E-01  9.75726E-01  6.89387E-03  1.40229E+01  0.00000E+00
      52  3.19393E+03  3.45918E-01  9.75371E-01  7.07140E-03  1.40229E+01  0.00000E+00
      53  3.19393E+03  3.46064E-01  9.75537E-01  7.01808E-03  1.40229E+01  0.00000E+00
      54  3.19393E+03  3.46072E-01  9.75712E-01  7.00768E-03  1.40229E+01  0.00000E+00
      60  3.19393E+03  3.46065E-01  9.75244E-01  7.12195E-03  1.22876E+01  0.00000E+00
      61  3.19393E+03  3.45915E-01  9.75403E-01  7.05835E-03  1.22876E+01  0.00000E+00
      62  3.19393E+03  3.46210E-01  9.75396E-01  7.08917E-03  1.22876E+01  0.00000E+00
      80  3.19393E+03  3.45567E-01  9.71893E-01  1.01496E-02  1.05470E+01  0.00000E+00
      81  3.19393E+03  3.45160E-01  9.77124E-01  5.47325E-03  1.05470E+01  0.00000E+00
      82  3.19393E+03  3.45909E-01  9.75652E-01  6.87378E-03  1.05470E+01  0.00000E+00
      90  3.19393E+03  3.45579E-01  9.71698E-01  1.01638E-02  8.80137E+00  0.00000E+00
      91  3.19393E+03  3.45569E-01  9.71916E-01  1.01468E-02  8.80137E+00  0.00000E+00
      92  3.19393E+03  3.46050E-01  9.75507E-01  6.89760E-03  8.80137E+00  0.00000E+00
      93  3.19393E+03  3.45891E-01  9.75696E-01  6.84846E-03  8.80137E+00  0.00000E+00
      94  3.19393E+03  3.46061E-01  9.75482E-01  7.03149E-03  8.80137E+00  0.00000E+00
     105  3.19393E+03  3.45574E-01  9.72179E-01  9.93748E-03  7.05086E+00  0.00000E+00
     106  3.19393E+03  3.46072E-01  9.75947E-01  6.99474E-03  7.05086E+00  0.00000E+00
     126  3.19393E+03  3.45129E-01  9.77042E-01  5.38417E-03  5.29544E+00  0.00000E+00
     127  3.19393E+03  3.45129E-01  9.76802E-01  5.61000E-03  5.29544E+00  0.00000E+00
     128  3.19393E+03  3.46287E-01  9.75109E-01  7.24736E-03  5.29544E+00  0.00000E+00
     156  3.19393E+03  3.45121E-01  9.77072E-01  5.56064E-03  3.53460E+00  0.00000E+00
     157  3.19393E+03  3.45131E-01  9.75142E-01  7.23682E-03  3.53460E+00  0.00000E+00
     158  3.19393E+03  3.46063E-01  9.76076E-01  6.75845E-03  3.53460E+00  0.00000E+00
     159  6.38786E+03  3.46065E-01  9.75389E-01  7.00538E-03  3.53460E+00  0.00000E+00
     194  3.19393E+03  3.45583E-01  9.71541E-01  1.01428E-02  1.76901E+00  0.00000E+00
     195  3.19393E+03  3.46312E-01  9.73722E-01  8.43729E-03  1.76901E+00  0.00000E+00
     196  3.19393E+03  3.45827E-01  9.76145E-01  6.50101E-03  1.76901E+00  0.00000E+00
     197  3.19393E+03  3.46071E-01  9.74948E-01  7.22615E-03  1.76901E+00  0.00000E+00
     198  3.19393E+03  3.46067E-01  9.75424E-01  6.98234E-03  1.76901E+00  0.00000E+00
     199  3.19393E+03  3.45835E-01  9.75182E-01  7.21632E-03  1.76901E+00  0.00000E+00
     242  3.19393E+03  3.45581E-01  9.72534E-01  9.64355E-03  0.00000E+00  0.00000E+00
     243  3.19393E+03  3.45581E-01  9.71313E-01  1.01318E-02  0.00000E+00  0.00000E+00
     244  3.19393E+03  3.45581E-01  9.71558E-01  1.01318E-02  0.00000E+00  0.00000E+00
     245  3.19393E+03  3.45093E-01  9.76685E-01  5.73730E-03  0.00000E+00  0.00000E+00
     246  3.19393E+03  3.45093E-01  9.76440E-01  5.73730E-03  0.00000E+00  0.00000E+00
     247  3.19393E+03  3.46069E-01  9.75952E-01  6.71387E-03  0.00000E+00  0.00000E+00
     248  3.19393E+03  3.46069E-01  9.75708E-01  6.95801E-03  0.00000E+00  0.00000E+00
     129  6.38786E+03  5.30082E-01  7.31565E-01  4.90340E-01  5.29544E+00  0.00000E+00
     160  3.19393E+03  5.29870E-01  7.31571E-01  4.90340E-01  3.53460E+00  0.00000E+00
     130  3.19393E+03  7.84279E-01  5.39234E-01  4.45847E-01  5.29544E+00  0.00000E+00
     249  3.19393E+03  7.99438E-01  5.47974E-01  4.74854E-02  0.00000E+00  0.00000E+00
       8  3.19393E+03  7.68482E-01  7.76492E-01  4.86465E-01  2.60244E+01  0.00000E+00
      83  3.19393E+03  7.68452E-01  7.76490E-01  4.86456E-01  1.05470E+01  0.00000E+00
     200  3.19393E+03  8.73410E-01  7.74050E-01  5.33291E-01  1.76901E+00  0.00000E+00
     161  3.19393E+03  6.78335E-01  7.72830E-01  6.16514E-01  3.53460E+00  0.00000E+00
     250  3.19393E+03  6.78345E-01  7.72827E-01  6.16333E-01  0.00000E+00  0.00000E+00
      63  3.19393E+03  5.84593E-01  9.91712E-01  5.48963E-01  1.22876E+01  0.00000E+00
      24  3.19393E+03  6.91991E-01  8.27762E-01  9.47140E-01  1.91986E+01  0.00000E+00
     107  3.19393E+03  6.92005E-01  8.27760E-01  9.47145E-01  7.05086E+00  0.00000E+00
     131  3.19393E+03  6.92007E-01  8.27760E-01  9.47145E-01  5.29544E+00  0.00000E+00
     251  3.19393E+03  6.91772E-01  8.27759E-01  9.47144E-01  0.00000E+00  0.00000E+00
      95  3.19393E+03  7.83850E-01  9.77832E-01  9.50776E-01  8.80137E+00  0.00000E+00
     108  3.19393E+03  8.08451E-01  9.88649E-01  9.62525E-01  7.05086E+00  0.00000E+00
     201  6.38786E+03  8.08953E-01  9.88891E-01  9.62766E-01  1.76901E+00  0.00000E+00
     252  3.19393E+03  8.08228E-01  9.88647E-01  9.62524E-01  0.00000E+00  0.00000E+00
     162  3.19393E+03  8.72255E-01  5.48459E-01  9.35214E-01  3.53460E+00  0.00000E+00
     163  3.19393E+03  8.72714E-01  5.48456E-01  9.35198E-01  3.53460E+00  0.00000E+00
     202  6.38786E+03  8.72703E-01  5.48459E-01  9.34957E-01  1.76901E+00  0.00000E+00
     203  3.19393E+03  8.72698E-01  5.48459E-01  9.35190E-01  1.76901E+00  0.00000E+00
     253  3.19393E+03  8.72192E-01  5.48462E-01  9.35425E-01  0.00000E+00  0.00000E+00
     254  3.19393E+03  5.38208E-01  7.12769E-01  7.77954E-01  0.00000E+00  0.00000E+00
      84  3.19393E+03  6.28065E-01  7.03229E-01  5.05956E-01  1.05470E+01  0.00000E+00
     132  3.19393E+03  6.28535E-01  7.03011E-01  5.06902E-01  5.29544E+00  0.00000E+00
     164  3.19393E+03  6.28539E-01  7.03008E-01  5.06687E-01  3.53460E+00  0.00000E+00
     204  3.19393E+03  6.28539E-01  7.03006E-01  5.06700E-01  1.76901E+00  0.00000E+00
      15  3.19393E+03  7.98084E-01  6.67415E-01  5.87758E-01  2.26225E+01  0.00000E+00
      43  9.58178E+03  7.98245E-01  6.67389E-01  5.87752E-01  1.57534E+01  0.00000E+00
     165  3.19393E+03  7.97992E-01  6.67370E-01  5.87769E-01  3.53460E+00  0.00000E+00
     205  3.19393E+03  7.98704E-01  6.67361E-01  5.87529E-01  1.76901E+00  0.00000E+00
     255  3.19393E+03  7.98462E-01  6.67358E-01  5.87524E-01  0.00000E+00  0.00000E+00
      85  3.19393E+03  8.37048E-01  6.28338E-01  6.01693E-01  1.05470E+01  0.00000E+00
      96  3.19393E+03  6.80784E-01  4.06848E-01  5.69909E-01  8.80137E+00  0.00000E+00
     206  3.19393E+03  6.80786E-01  4.06618E-01  5.70179E-01  1.76901E+00  0.00000E+00
      25  3.19393E+03  6.55861E-01  4.14939E-01  5.32865E-01  1.91986E+01  0.00000E+00
      33  3.19393E+03  6.90214E-01  4.06383E-01  5.61624E-01  1.74784E+01  0.00000E+00
      64  3.19393E+03  6.97046E-01  4.03460E-01  5.60207E-01  1.22876E+01  0.00000E+00
      65  3.19393E+03  6.97232E-01  4.03436E-01  5.60213E-01  1.22876E+01  0.00000E+00
      97  3.19393E+03  6.97055E-01  4.03645E-01  5.60213E-01  8.80137E+00  0.00000E+00
     109  3.19393E+03  6.97070E-01  4.03653E-01  5.60207E-01  7.05086E+00  0.00000E+00
     207  3.19393E+03  6.90303E-01  4.07096E-01  5.61883E-01  1.76901E+00  0.00000E+00
     256  3.19393E+03  6.96899E-01  4.03442E-01  5.60181E-01  0.00000E+00  0.00000E+00
      66  3.19393E+03  6.12385E-01  4.55633E-01  7.01049E-01  1.22876E+01  0.00000E+00
      86  3.19393E+03  6.12390E-01  4.55639E-01  7.01050E-01  1.05470E+01  0.00000E+00
      98  3.19393E+03  6.11455E-01  4.56138E-01  7.01741E-01  8.80137E+00  0.00000E+00
      16  3.19393E+03  6.50984E-01  3.60443E-01  7.13214E-01  2.26225E+01  0.00000E+00
      67  3.19393E+03  6.51003E-01  3.60447E-01  7.13417E-01  1.22876E+01  0.00000E+00
      68  3.19393E+03  6.51165E-01  3.60456E-01  7.13621E-01  1.22876E+01  0.00000E+00
      99  3.19393E+03  6.50986E-01  3.60460E-01  7.13240E-01  8.80137E+00  0.00000E+00
     166  3.19393E+03  6.50989E-01  3.60469E-01  7.13013E-01  3.53460E+00  0.00000E+00
     167  3.19393E+03  6.51209E-01  3.60469E-01  7.13255E-01  3.53460E+00  0.00000E+00
     208  3.19393E+03  6.51229E-01  3.60471E-01  7.13491E-01  1.76901E+00  0.00000E+00
     257  3.19393E+03  6.51245E-01  3.60474E-01  7.13501E-01  0.00000E+00  0.00000E+00
      26  3.19393E+03  5.90700E-01  3.40674E-01  7.62920E-01  1.91986E+01  0.00000E+00
     110  3.19393E+03  5.79224E-01  3.33351E-01  7.54536E-01  7.05086E+00  0.00000E+00
     133  3.19393E+03  5.98280E-01  2.84556E-01  7.98464E-01  5.29544E+00  0.00000E+00
     258  3.19393E+03  5.63843E-01  3.37524E-01  8.91724E-01  0.00000E+00  0.00000E+00
      34  3.19393E+03  9.73316E-01  1.96287E-01  7.68663E-01  1.74784E+01  0.00000E+00
      87  3.19393E+03  9.73309E-01  1.96445E-01  7.68666E-01  1.05470E+01  0.00000E+00
      17  3.19393E+03  9.38092E-01  1.33746E-01  7.50702E-01  2.26225E+01  0.00000E+00
      88  3.19393E+03  9.37995E-01  1.33629E-01  7.50652E-01  1.05470E+01  0.00000E+00
     168  3.19393E+03  9.37914E-01  1.33723E-01  7.50625E-01  3.53460E+00  0.00000E+00
     169  3.19393E+03  9.38139E-01  1.33722E-01  7.50853E-01  3.53460E+00  0.00000E+00
     209  3.19393E+03  9.38125E-01  1.33696E-01  7.50854E-01  1.76901E+00  0.00000E+00
     259  3.19393E+03  9.38110E-01  1.33911E-01  7.50854E-01  0.00000E+00  0.00000E+00
     111  3.19393E+03  9.77098E-01  5.28694E-02  8.40209E-01  7.05086E+00  0.00000E+00
     134  3.19393E+03  9.77058E-01  5.28662E-02  8.40209E-01  5.29544E+00  0.00000E+00
     210  3.19393E+03  5.46739E-01  5.52671E-02  9.26627E-01  1.76901E+00  0.00000E+00
     211  3.19393E+03  7.46202E-01  3.45261E-02  8.60967E-01  1.76901E+00  0.00000E+00
      44  3.19393E+03  6.62676E-01  1.15058E-01  5.40657E-01  1.57534E+01  0.00000E+00
     170  3.19393E+03  8.33868E-01  6.55550E-02  6.40488E-01  3.53460E+00  0.00000E+00
      55  3.19393E+03  8.95839E-01  1.35890E-01  5.32042E-01  1.40229E+01  0.00000E+00
      69  3.19393E+03  8.95843E-01  1.35888E-01  5.32048E-01  1.22876E+01  0.00000E+00
     212  3.19393E+03  8.95871E-01  1.35867E-01  5.31860E-01  1.76901E+00  0.00000E+00
     135  3.19393E+03  8.86362E-01  3.50262E-02  7.22049E-01  5.29544E+00  0.00000E+00
      35  3.19393E+03  8.81725E-01  1.12651E-01  2.58170E-01  1.74784E+01  0.00000E+00
      27  3.19393E+03  9.14690E-01  1.79002E-01  3.86110E-01  1.91986E+01  0.00000E+00
     260  3.19393E+03  9.14673E-01  1.79077E-01  3.86108E-01  0.00000E+00  0.00000E+00
     112  3.19393E+03  8.80055E-01  3.17509E-01  2.66254E-01  7.05086E+00  0.00000E+00
     171  3.19393E+03  8.80261E-01  3.17502E-01  2.66243E-01  3.53460E+00  0.00000E+00
     172  3.19393E+03  7.79868E-01  3.11893E-01  4.49300E-01  3.53460E+00  0.00000E+00
     261  3.19393E+03  5.81909E-01  2.21069E-01  4.52271E-01  0.00000E+00  0.00000E+00
     136  3.19393E+03  8.93797E-01  3.79252E-01  4.63614E-02  5.29544E+00  0.00000E+00
     100  3.19393E+03  8.37488E-01  2.32801E-01  6.87509E-02  8.80137E+00  0.00000E+00
     213  3.19393E+03  8.37515E-01  2.33272E-01  6.84897E-02  1.76901E+00  0.00000E+00
     262  3.19393E+03  8.37280E-01  2.32788E-01  6.87256E-02  0.00000E+00  0.00000E+00
     263  6.38786E+03  8.37524E-01  2.33032E-01  6.87256E-02  0.00000E+00  0.00000E+00
