 Age of the universe in Myr    184.521127967121     
      Id   Mass(Msol)      x(Lbox)      y(Lbox)      z(Lbox)     Age(Myr)
     214  3.19393E+03  1.14373E-01  3.07538E-01  1.50234E-01  1.07219E+01  0.00000E+00
     173  3.19393E+03  1.72246E-01  3.85150E-01  1.42597E-01  1.24923E+01  0.00000E+00
     310  3.19393E+03  1.71998E-01  3.85055E-01  1.42205E-01  7.16655E+00  0.00000E+00
     405  3.19393E+03  1.71997E-01  3.85205E-01  1.42208E-01  3.59162E+00  0.00000E+00
     470  3.19393E+03  1.72239E-01  3.84932E-01  1.42448E-01  1.79748E+00  0.00000E+00
     542  3.19393E+03  1.72241E-01  3.84888E-01  1.42456E-01  0.00000E+00  0.00000E+00
     406  3.19393E+03  4.33943E-01  9.99416E-02  2.45220E-02  3.59162E+00  0.00000E+00
     137  3.19393E+03  4.03654E-01  1.97592E-01  1.30221E-01  1.42578E+01  0.00000E+00
     215  3.19393E+03  3.87068E-01  1.93243E-01  1.35564E-01  1.07219E+01  0.00000E+00
     216  3.19393E+03  4.03936E-01  1.97610E-01  1.30224E-01  1.07219E+01  0.00000E+00
     311  3.19393E+03  3.86596E-01  1.93262E-01  1.36038E-01  7.16655E+00  0.00000E+00
     471  6.38786E+03  3.79515E-01  2.06914E-01  1.41452E-01  1.79748E+00  0.00000E+00
     543  6.38786E+03  3.87329E-01  1.93237E-01  1.35376E-01  0.00000E+00  0.00000E+00
      20  3.19393E+03  4.43047E-01  3.30789E-01  4.22109E-01  2.99218E+01  0.00000E+00
      70  3.19393E+03  4.43021E-01  3.30756E-01  4.22091E-01  2.12702E+01  0.00000E+00
      71  3.19393E+03  4.40746E-01  3.31294E-01  4.20917E-01  2.12702E+01  0.00000E+00
     138  3.19393E+03  4.43023E-01  3.30845E-01  4.22089E-01  1.42578E+01  0.00000E+00
     174  3.19393E+03  4.43019E-01  3.30829E-01  4.22104E-01  1.24923E+01  0.00000E+00
     355  3.19393E+03  4.40383E-01  3.31003E-01  4.20744E-01  5.38159E+00  0.00000E+00
     356  3.19393E+03  4.40608E-01  3.31217E-01  4.20766E-01  5.38159E+00  0.00000E+00
     407  3.19393E+03  4.40361E-01  3.31204E-01  4.20756E-01  3.59162E+00  0.00000E+00
     408  3.19393E+03  4.40827E-01  3.31210E-01  4.20992E-01  3.59162E+00  0.00000E+00
     472  3.19393E+03  4.40813E-01  3.31194E-01  4.21006E-01  1.79748E+00  0.00000E+00
     544  3.19393E+03  4.43481E-01  3.29224E-01  4.22729E-01  0.00000E+00  0.00000E+00
     545  3.19393E+03  4.42993E-01  3.30688E-01  4.22241E-01  0.00000E+00  0.00000E+00
     409  3.19393E+03  1.21223E-01  2.06904E-01  4.91586E-01  3.59162E+00  0.00000E+00
     410  3.19393E+03  1.21696E-01  2.06663E-01  4.91590E-01  3.59162E+00  0.00000E+00
     357  3.19393E+03  5.01250E-03  1.75120E-03  4.70568E-01  5.38159E+00  0.00000E+00
     411  3.19393E+03  5.24711E-03  1.53640E-03  4.70338E-01  3.59162E+00  0.00000E+00
     473  6.38786E+03  1.55156E-01  1.47095E-01  5.93387E-01  1.79748E+00  0.00000E+00
     546  3.19393E+03  1.62964E-01  1.44165E-01  5.90454E-01  0.00000E+00  0.00000E+00
     139  3.19393E+03  2.60407E-01  1.34855E-01  6.08038E-01  1.42578E+01  0.00000E+00
     140  3.19393E+03  2.62748E-01  1.35476E-01  6.07086E-01  1.42578E+01  0.00000E+00
     175  3.19393E+03  2.60623E-01  1.34630E-01  6.08721E-01  1.24923E+01  0.00000E+00
     176  6.38786E+03  2.60618E-01  1.34633E-01  6.08930E-01  1.24923E+01  0.00000E+00
     547  3.19393E+03  2.60376E-01  1.34888E-01  6.08276E-01  0.00000E+00  0.00000E+00
     548  3.19393E+03  2.62573E-01  1.35376E-01  6.07056E-01  0.00000E+00  0.00000E+00
     549  3.19393E+03  3.85376E-01  7.43408E-02  7.42065E-01  0.00000E+00  0.00000E+00
     358  3.19393E+03  3.96887E-01  3.57990E-02  7.32575E-01  5.38159E+00  0.00000E+00
     550  3.19393E+03  4.57886E-01  1.08765E-01  7.14966E-01  0.00000E+00  0.00000E+00
     412  3.19393E+03  4.67639E-01  1.40730E-01  7.31063E-01  3.59162E+00  0.00000E+00
      72  3.19393E+03  1.82081E-02  9.89169E-02  9.52317E-01  2.12702E+01  0.00000E+00
     101  3.19393E+03  1.79987E-02  9.90265E-02  9.52456E-01  1.77741E+01  0.00000E+00
     113  3.19393E+03  1.79847E-02  9.90409E-02  9.51923E-01  1.60187E+01  0.00000E+00
     114  3.19393E+03  1.81041E-02  9.89789E-02  9.52247E-01  1.60187E+01  0.00000E+00
     141  3.19393E+03  1.79643E-02  9.90420E-02  9.51886E-01  1.42578E+01  0.00000E+00
     142  3.19393E+03  1.80940E-02  9.89908E-02  9.52229E-01  1.42578E+01  0.00000E+00
     217  6.38786E+03  1.76906E-02  9.92064E-02  9.52200E-01  1.07219E+01  0.00000E+00
     264  3.19393E+03  1.82619E-02  9.89866E-02  9.51964E-01  8.94648E+00  0.00000E+00
     265  6.38786E+03  1.85014E-02  9.87883E-02  9.52176E-01  8.94648E+00  0.00000E+00
     413  3.19393E+03  1.84646E-02  9.87721E-02  9.52557E-01  3.59162E+00  0.00000E+00
     474  3.19393E+03  1.79755E-02  9.90046E-02  9.51826E-01  1.79748E+00  0.00000E+00
     475  3.19393E+03  1.79744E-02  9.90044E-02  9.52534E-01  1.79748E+00  0.00000E+00
     476  3.19393E+03  1.79734E-02  9.90044E-02  9.52778E-01  1.79748E+00  0.00000E+00
     551  3.19393E+03  1.79443E-02  9.89990E-02  9.52271E-01  0.00000E+00  0.00000E+00
     552  3.19393E+03  1.81885E-02  9.87549E-02  9.52271E-01  0.00000E+00  0.00000E+00
     414  3.19393E+03  4.40562E-02  9.67931E-03  8.10479E-01  3.59162E+00  0.00000E+00
     477  3.19393E+03  2.28126E-01  2.16188E-01  7.80887E-01  1.79748E+00  0.00000E+00
     553  3.19393E+03  2.27905E-01  2.16431E-01  7.81128E-01  0.00000E+00  0.00000E+00
     177  3.19393E+03  6.14053E-02  1.85146E-01  8.25426E-01  1.24923E+01  0.00000E+00
     478  3.19393E+03  7.48068E-02  1.34621E-01  9.57406E-01  1.79748E+00  0.00000E+00
     479  3.19393E+03  8.11699E-02  3.47775E-01  8.86846E-01  1.79748E+00  0.00000E+00
     480  3.19393E+03  1.01445E-01  3.47287E-01  8.48764E-01  1.79748E+00  0.00000E+00
     218  3.19393E+03  1.98591E-02  4.32521E-01  7.80626E-01  1.07219E+01  0.00000E+00
     219  3.19393E+03  2.00300E-02  4.32535E-01  7.80609E-01  1.07219E+01  0.00000E+00
     481  3.19393E+03  2.04100E-02  4.32982E-01  7.79910E-01  1.79748E+00  0.00000E+00
     554  3.19393E+03  1.64795E-02  3.84155E-01  9.34937E-01  0.00000E+00  0.00000E+00
      18  3.19393E+03  4.43489E-01  4.32224E-01  9.69833E-01  3.16366E+01  0.00000E+00
      21  3.19393E+03  4.43498E-01  4.32290E-01  9.69835E-01  2.99218E+01  0.00000E+00
      89  3.19393E+03  4.43471E-01  4.32228E-01  9.69673E-01  1.95246E+01  0.00000E+00
     102  3.19393E+03  4.43502E-01  4.29634E-01  9.67652E-01  1.77741E+01  0.00000E+00
     115  3.19393E+03  4.43486E-01  4.32378E-01  9.69850E-01  1.60187E+01  0.00000E+00
     116  3.19393E+03  4.43494E-01  4.30711E-01  9.67946E-01  1.60187E+01  0.00000E+00
     117  3.19393E+03  4.43481E-01  4.30750E-01  9.68132E-01  1.60187E+01  0.00000E+00
     143  3.19393E+03  4.43475E-01  4.32362E-01  9.69662E-01  1.42578E+01  0.00000E+00
     144  3.19393E+03  4.43496E-01  4.30496E-01  9.67910E-01  1.42578E+01  0.00000E+00
     145  3.19393E+03  4.43467E-01  4.28975E-01  9.67628E-01  1.42578E+01  0.00000E+00
     178  3.19393E+03  4.43484E-01  4.32183E-01  9.69849E-01  1.24923E+01  0.00000E+00
     179  3.19393E+03  4.43495E-01  4.30474E-01  9.67905E-01  1.24923E+01  0.00000E+00
     180  3.19393E+03  4.44376E-01  4.29797E-01  9.65829E-01  1.24923E+01  0.00000E+00
     220  3.19393E+03  4.43483E-01  4.32162E-01  9.69849E-01  1.07219E+01  0.00000E+00
     221  3.19393E+03  4.43479E-01  4.32560E-01  9.69855E-01  1.07219E+01  0.00000E+00
     222  3.19393E+03  4.44154E-01  4.31597E-01  9.64129E-01  1.07219E+01  0.00000E+00
     223  3.19393E+03  4.43989E-01  4.30019E-01  9.66256E-01  1.07219E+01  0.00000E+00
     224  3.19393E+03  4.43971E-01  4.30200E-01  9.66247E-01  1.07219E+01  0.00000E+00
     225  3.19393E+03  4.43471E-01  4.29114E-01  9.67634E-01  1.07219E+01  0.00000E+00
     266  3.19393E+03  4.40562E-01  4.35936E-01  9.58256E-01  8.94648E+00  0.00000E+00
     267  3.19393E+03  4.43475E-01  4.29288E-01  9.67638E-01  8.94648E+00  0.00000E+00
     312  3.19393E+03  4.44165E-01  4.29939E-01  9.66214E-01  7.16655E+00  0.00000E+00
     313  3.19393E+03  4.43476E-01  4.29251E-01  9.67640E-01  7.16655E+00  0.00000E+00
     359  3.19393E+03  4.43964E-01  4.30354E-01  9.66215E-01  5.38159E+00  0.00000E+00
     415  3.19393E+03  4.43479E-01  4.32292E-01  9.70080E-01  3.59162E+00  0.00000E+00
     416  3.19393E+03  4.43967E-01  4.30109E-01  9.66436E-01  3.59162E+00  0.00000E+00
     417  3.19393E+03  4.44420E-01  4.29868E-01  9.65964E-01  3.59162E+00  0.00000E+00
     418  3.19393E+03  4.40553E-01  4.35925E-01  9.57947E-01  3.59162E+00  0.00000E+00
     419  3.19393E+03  4.40558E-01  4.35921E-01  9.58417E-01  3.59162E+00  0.00000E+00
     482  3.19393E+03  4.43479E-01  4.32038E-01  9.70327E-01  1.79748E+00  0.00000E+00
     483  3.19393E+03  4.43965E-01  4.30318E-01  9.66433E-01  1.79748E+00  0.00000E+00
     484  3.19393E+03  4.44439E-01  4.29840E-01  9.65954E-01  1.79748E+00  0.00000E+00
     485  3.19393E+03  4.43486E-01  4.30081E-01  9.67655E-01  1.79748E+00  0.00000E+00
     486  6.38786E+03  4.43484E-01  4.30084E-01  9.67891E-01  1.79748E+00  0.00000E+00
     555  3.19393E+03  4.43481E-01  4.32251E-01  9.69360E-01  0.00000E+00  0.00000E+00
     556  9.58178E+03  4.43481E-01  4.32007E-01  9.70093E-01  0.00000E+00  0.00000E+00
     557  3.19393E+03  4.43481E-01  4.30298E-01  9.67896E-01  0.00000E+00  0.00000E+00
     268  3.19393E+03  4.01181E-01  4.46912E-01  8.80742E-01  8.94648E+00  0.00000E+00
     314  3.19393E+03  4.01191E-01  4.46919E-01  8.80533E-01  7.16655E+00  0.00000E+00
     360  9.58178E+03  4.00987E-01  4.46907E-01  8.80740E-01  5.38159E+00  0.00000E+00
     420  3.19393E+03  3.20909E-01  4.34210E-01  8.51653E-01  3.59162E+00  0.00000E+00
     269  3.19393E+03  3.68201E-01  2.86440E-01  7.27860E-01  8.94648E+00  0.00000E+00
     361  3.19393E+03  3.68241E-01  2.86244E-01  7.27876E-01  5.38159E+00  0.00000E+00
     421  3.19393E+03  3.68254E-01  2.86246E-01  7.27884E-01  3.59162E+00  0.00000E+00
     103  3.19393E+03  3.62706E-01  2.53061E-01  6.52323E-01  1.77741E+01  0.00000E+00
     487  3.19393E+03  3.62678E-01  2.53055E-01  6.52470E-01  1.79748E+00  0.00000E+00
     270  3.19393E+03  3.76981E-01  2.76900E-01  6.46990E-01  8.94648E+00  0.00000E+00
     558  3.19393E+03  3.77075E-01  2.76978E-01  6.47583E-01  0.00000E+00  0.00000E+00
     315  3.19393E+03  3.98956E-02  4.87404E-01  6.83316E-01  7.16655E+00  0.00000E+00
     362  3.19393E+03  3.98430E-02  4.87399E-01  6.83518E-01  5.38159E+00  0.00000E+00
     422  3.19393E+03  4.00140E-02  4.87409E-01  6.83273E-01  3.59162E+00  0.00000E+00
     488  3.19393E+03  4.02023E-02  4.87185E-01  6.83254E-01  1.79748E+00  0.00000E+00
     489  3.19393E+03  3.99681E-02  4.87419E-01  6.83251E-01  1.79748E+00  0.00000E+00
     559  3.19393E+03  4.01611E-02  4.87183E-01  6.83472E-01  0.00000E+00  0.00000E+00
     490  3.19393E+03  2.06559E-02  4.52516E-01  5.71908E-01  1.79748E+00  0.00000E+00
     560  3.19393E+03  2.06299E-02  4.52515E-01  5.71655E-01  0.00000E+00  0.00000E+00
     561  3.19393E+03  2.06299E-02  4.52515E-01  5.71899E-01  0.00000E+00  0.00000E+00
      22  3.19393E+03  1.78807E-01  6.65979E-01  6.66354E-01  2.99218E+01  0.00000E+00
      28  3.19393E+03  1.78832E-01  6.65996E-01  6.66445E-01  2.82016E+01  0.00000E+00
      36  6.38786E+03  1.78867E-01  6.66012E-01  6.66508E-01  2.64766E+01  0.00000E+00
     118  3.19393E+03  1.78749E-01  6.66024E-01  6.66336E-01  1.60187E+01  0.00000E+00
     119  3.19393E+03  1.78911E-01  6.66075E-01  6.66694E-01  1.60187E+01  0.00000E+00
     146  3.19393E+03  1.78872E-01  6.65931E-01  6.66359E-01  1.42578E+01  0.00000E+00
     147  3.19393E+03  1.78737E-01  6.66033E-01  6.66355E-01  1.42578E+01  0.00000E+00
     181  6.38786E+03  1.77998E-01  6.65427E-01  6.66804E-01  1.24923E+01  0.00000E+00
     226  3.19393E+03  1.78869E-01  6.66056E-01  6.66221E-01  1.07219E+01  0.00000E+00
     227  3.19393E+03  1.78868E-01  6.66059E-01  6.66413E-01  1.07219E+01  0.00000E+00
     271  6.38786E+03  1.78866E-01  6.66067E-01  6.66243E-01  8.94648E+00  0.00000E+00
     316  3.19393E+03  1.78189E-01  6.65654E-01  6.66488E-01  7.16655E+00  0.00000E+00
     363  3.19393E+03  1.78647E-01  6.65894E-01  6.66503E-01  5.38159E+00  0.00000E+00
     491  3.19393E+03  1.78843E-01  6.65895E-01  6.66114E-01  1.79748E+00  0.00000E+00
      19  3.19393E+03  3.53404E-01  6.79503E-01  6.04277E-01  3.16366E+01  0.00000E+00
      29  3.19393E+03  3.53876E-01  6.78977E-01  6.02729E-01  2.82016E+01  0.00000E+00
      30  3.19393E+03  3.53871E-01  6.79044E-01  6.02868E-01  2.82016E+01  0.00000E+00
      31  3.19393E+03  3.53407E-01  6.79439E-01  6.04166E-01  2.82016E+01  0.00000E+00
      37  3.19393E+03  3.53403E-01  6.79511E-01  6.04257E-01  2.64766E+01  0.00000E+00
      45  3.19393E+03  3.53405E-01  6.79516E-01  6.04282E-01  2.47462E+01  0.00000E+00
      56  3.19393E+03  3.53857E-01  6.79154E-01  6.03138E-01  2.30108E+01  0.00000E+00
     120  3.19393E+03  3.53407E-01  6.79685E-01  6.04497E-01  1.60187E+01  0.00000E+00
     121  3.19393E+03  3.54007E-01  6.79032E-01  6.02764E-01  1.60187E+01  0.00000E+00
     148  3.19393E+03  3.53407E-01  6.79702E-01  6.04532E-01  1.42578E+01  0.00000E+00
     149  6.38786E+03  3.53857E-01  6.79064E-01  6.02992E-01  1.42578E+01  0.00000E+00
     150  3.19393E+03  3.53405E-01  6.79469E-01  6.04147E-01  1.42578E+01  0.00000E+00
     182  3.19393E+03  3.54453E-01  6.78799E-01  6.02106E-01  1.24923E+01  0.00000E+00
     272  3.19393E+03  3.54284E-01  6.78834E-01  6.02340E-01  8.94648E+00  0.00000E+00
     273  3.19393E+03  3.53402E-01  6.79534E-01  6.04403E-01  8.94648E+00  0.00000E+00
     317  3.19393E+03  3.54305E-01  6.78815E-01  6.02137E-01  7.16655E+00  0.00000E+00
     318  3.19393E+03  3.53399E-01  6.79321E-01  6.04017E-01  7.16655E+00  0.00000E+00
     319  3.19393E+03  3.53833E-01  6.79280E-01  6.03530E-01  7.16655E+00  0.00000E+00
     364  3.19393E+03  3.54095E-01  6.78588E-01  6.01661E-01  5.38159E+00  0.00000E+00
     365  3.19393E+03  3.54319E-01  6.78601E-01  6.01897E-01  5.38159E+00  0.00000E+00
     366  3.19393E+03  3.53876E-01  6.79047E-01  6.02635E-01  5.38159E+00  0.00000E+00
     367  3.19393E+03  3.53870E-01  6.79267E-01  6.03100E-01  5.38159E+00  0.00000E+00
     368  3.19393E+03  3.53398E-01  6.79322E-01  6.04041E-01  5.38159E+00  0.00000E+00
     369  3.19393E+03  3.53397E-01  6.79333E-01  6.04252E-01  5.38159E+00  0.00000E+00
     423  3.19393E+03  3.54097E-01  6.79058E-01  6.02636E-01  3.59162E+00  0.00000E+00
     424  3.19393E+03  3.53398E-01  6.79313E-01  6.03838E-01  3.59162E+00  0.00000E+00
     425  3.19393E+03  3.53176E-01  6.79319E-01  6.04064E-01  3.59162E+00  0.00000E+00
     426  3.19393E+03  3.53612E-01  6.79316E-01  6.04064E-01  3.59162E+00  0.00000E+00
     492  3.19393E+03  3.54351E-01  6.78589E-01  6.01679E-01  1.79748E+00  0.00000E+00
     493  3.19393E+03  3.53877E-01  6.79072E-01  6.02890E-01  1.79748E+00  0.00000E+00
     494  3.19393E+03  3.54107E-01  6.79072E-01  6.02887E-01  1.79748E+00  0.00000E+00
     562  3.19393E+03  3.53394E-01  6.79810E-01  6.04614E-01  0.00000E+00  0.00000E+00
     563  3.19393E+03  3.54126E-01  6.78833E-01  6.02417E-01  0.00000E+00  0.00000E+00
     564  6.38786E+03  3.53882E-01  6.79077E-01  6.02905E-01  0.00000E+00  0.00000E+00
     565  3.19393E+03  3.53638E-01  6.79077E-01  6.03394E-01  0.00000E+00  0.00000E+00
     566  3.19393E+03  3.53882E-01  6.79077E-01  6.03394E-01  0.00000E+00  0.00000E+00
     151  3.19393E+03  4.68353E-01  6.15364E-01  6.95179E-01  1.42578E+01  0.00000E+00
     228  3.19393E+03  4.93613E-01  6.19485E-01  7.18920E-01  1.07219E+01  0.00000E+00
     274  3.19393E+03  4.93421E-01  6.19491E-01  7.18926E-01  8.94648E+00  0.00000E+00
      32  3.19393E+03  4.05076E-01  6.72024E-01  6.44071E-01  2.82016E+01  0.00000E+00
      38  3.19393E+03  4.05104E-01  6.72082E-01  6.44039E-01  2.64766E+01  0.00000E+00
      57  3.19393E+03  4.05239E-01  6.72018E-01  6.44108E-01  2.30108E+01  0.00000E+00
     122  3.19393E+03  4.05404E-01  6.72024E-01  6.44126E-01  1.60187E+01  0.00000E+00
     152  3.19393E+03  4.05083E-01  6.72191E-01  6.43850E-01  1.42578E+01  0.00000E+00
     229  3.19393E+03  4.05153E-01  6.72056E-01  6.43945E-01  1.07219E+01  0.00000E+00
     275  3.19393E+03  4.04982E-01  6.72010E-01  6.44145E-01  8.94648E+00  0.00000E+00
     320  3.19393E+03  4.07610E-01  6.72969E-01  6.41849E-01  7.16655E+00  0.00000E+00
     370  6.38786E+03  4.07198E-01  6.72973E-01  6.41658E-01  5.38159E+00  0.00000E+00
     371  3.19393E+03  4.04817E-01  6.72017E-01  6.44036E-01  5.38159E+00  0.00000E+00
     427  3.19393E+03  4.05075E-01  6.72009E-01  6.44071E-01  3.59162E+00  0.00000E+00
     428  3.19393E+03  4.04833E-01  6.71762E-01  6.44523E-01  3.59162E+00  0.00000E+00
     429  3.19393E+03  4.05059E-01  6.71532E-01  6.44757E-01  3.59162E+00  0.00000E+00
     495  3.19393E+03  4.08019E-01  6.72972E-01  6.41698E-01  1.79748E+00  0.00000E+00
     496  3.19393E+03  4.04874E-01  6.72235E-01  6.43879E-01  1.79748E+00  0.00000E+00
     497  3.19393E+03  4.05348E-01  6.72234E-01  6.43881E-01  1.79748E+00  0.00000E+00
     498  6.38786E+03  4.05345E-01  6.71998E-01  6.44343E-01  1.79748E+00  0.00000E+00
     499  3.19393E+03  4.05346E-01  6.71768E-01  6.44351E-01  1.79748E+00  0.00000E+00
     500  3.19393E+03  4.05106E-01  6.71758E-01  6.44585E-01  1.79748E+00  0.00000E+00
     567  3.19393E+03  4.05151E-01  6.71997E-01  6.44409E-01  0.00000E+00  0.00000E+00
     568  3.19393E+03  4.05640E-01  6.72241E-01  6.43921E-01  0.00000E+00  0.00000E+00
     569  3.19393E+03  4.05640E-01  6.71997E-01  6.44165E-01  0.00000E+00  0.00000E+00
     570  3.19393E+03  4.05151E-01  6.71753E-01  6.44409E-01  0.00000E+00  0.00000E+00
     430  3.19393E+03  3.77113E-02  9.46174E-01  9.97951E-01  3.59162E+00  0.00000E+00
     153  3.19393E+03  4.89362E-01  9.39121E-01  6.48807E-01  1.42578E+01  0.00000E+00
     431  3.19393E+03  4.89429E-01  9.39091E-01  6.48585E-01  3.59162E+00  0.00000E+00
     183  3.19393E+03  8.39943E-03  9.96560E-01  4.72757E-01  1.24923E+01  0.00000E+00
       9  6.38786E+03  2.17557E-02  7.82425E-01  3.86343E-01  3.50497E+01  0.00000E+00
     230  6.38786E+03  2.18894E-02  7.82376E-01  3.86345E-01  1.07219E+01  0.00000E+00
     276  3.19393E+03  2.16792E-02  7.82378E-01  3.86352E-01  8.94648E+00  0.00000E+00
     277  3.19393E+03  2.20726E-02  7.82367E-01  3.86345E-01  8.94648E+00  0.00000E+00
     432  3.19393E+03  2.15027E-02  7.82361E-01  3.86354E-01  3.59162E+00  0.00000E+00
     571  3.19393E+03  2.16064E-02  7.82593E-01  3.86597E-01  0.00000E+00  0.00000E+00
     572  3.19393E+03  7.50732E-02  7.89185E-01  3.51685E-01  0.00000E+00  0.00000E+00
       1  6.38786E+03  6.61959E-02  7.77135E-01  3.51105E-01  5.34064E+01  0.00000E+00
       2  3.19393E+03  6.62051E-02  7.77116E-01  3.51108E-01  5.17667E+01  0.00000E+00
       7  3.19393E+03  6.61798E-02  7.77091E-01  3.51110E-01  3.67476E+01  0.00000E+00
      10  3.19393E+03  6.61675E-02  7.77089E-01  3.51115E-01  3.50497E+01  0.00000E+00
      11  3.19393E+03  6.61671E-02  7.77141E-01  3.51076E-01  3.50497E+01  0.00000E+00
      23  3.19393E+03  6.60702E-02  7.77063E-01  3.51138E-01  2.99218E+01  0.00000E+00
      39  3.19393E+03  6.61261E-02  7.77182E-01  3.51083E-01  2.64766E+01  0.00000E+00
      40  3.19393E+03  6.62296E-02  7.77225E-01  3.51057E-01  2.64766E+01  0.00000E+00
      46  3.19393E+03  6.61036E-02  7.77112E-01  3.51123E-01  2.47462E+01  0.00000E+00
      47  3.19393E+03  6.61280E-02  7.77173E-01  3.51090E-01  2.47462E+01  0.00000E+00
      73  3.19393E+03  6.58390E-02  7.76962E-01  3.51165E-01  2.12702E+01  0.00000E+00
      74  3.19393E+03  6.59936E-02  7.77041E-01  3.51145E-01  2.12702E+01  0.00000E+00
      75  3.19393E+03  6.62907E-02  7.77281E-01  3.50992E-01  2.12702E+01  0.00000E+00
     104  3.19393E+03  6.54899E-02  7.76752E-01  3.51184E-01  1.77741E+01  0.00000E+00
     123  3.19393E+03  6.62097E-02  7.77166E-01  3.51103E-01  1.60187E+01  0.00000E+00
     154  3.19393E+03  6.60874E-02  7.77140E-01  3.51137E-01  1.42578E+01  0.00000E+00
     184  3.19393E+03  6.62079E-02  7.77169E-01  3.51007E-01  1.24923E+01  0.00000E+00
     185  9.58178E+03  6.60651E-02  7.77142E-01  3.51145E-01  1.24923E+01  0.00000E+00
     231  6.38786E+03  6.47314E-02  7.76258E-01  3.51627E-01  1.07219E+01  0.00000E+00
     232  3.19393E+03  6.51410E-02  7.76695E-01  3.51194E-01  1.07219E+01  0.00000E+00
     233  3.19393E+03  6.53405E-02  7.76721E-01  3.51192E-01  1.07219E+01  0.00000E+00
     234  3.19393E+03  6.61810E-02  7.77016E-01  3.51149E-01  1.07219E+01  0.00000E+00
     235  3.19393E+03  6.61811E-02  7.77167E-01  3.51133E-01  1.07219E+01  0.00000E+00
     236  3.19393E+03  6.63739E-02  7.77175E-01  3.51122E-01  1.07219E+01  0.00000E+00
     278  3.19393E+03  6.48703E-02  7.76258E-01  3.51627E-01  8.94648E+00  0.00000E+00
     279  6.38786E+03  6.50576E-02  7.76265E-01  3.51628E-01  8.94648E+00  0.00000E+00
     280  3.19393E+03  6.50969E-02  7.76698E-01  3.51195E-01  8.94648E+00  0.00000E+00
     281  3.19393E+03  6.57766E-02  7.76961E-01  3.51180E-01  8.94648E+00  0.00000E+00
     321  9.58178E+03  6.59520E-02  7.76989E-01  3.51175E-01  7.16655E+00  0.00000E+00
     372  3.19393E+03  6.49878E-02  7.76480E-01  3.51427E-01  5.38159E+00  0.00000E+00
     373  3.19393E+03  6.59175E-02  7.76982E-01  3.51181E-01  5.38159E+00  0.00000E+00
     374  3.19393E+03  6.63512E-02  7.77404E-01  3.50952E-01  5.38159E+00  0.00000E+00
     501  3.19393E+03  6.65454E-02  7.77448E-01  3.50949E-01  1.79748E+00  0.00000E+00
     573  3.19393E+03  9.33838E-02  7.68677E-01  3.54370E-01  0.00000E+00  0.00000E+00
     574  3.19393E+03  6.62842E-02  7.76978E-01  3.51196E-01  0.00000E+00  0.00000E+00
     186  3.19393E+03  9.17656E-02  7.85379E-01  3.12025E-01  1.24923E+01  0.00000E+00
     187  3.19393E+03  9.17857E-02  7.85597E-01  3.12208E-01  1.24923E+01  0.00000E+00
     237  3.19393E+03  9.17592E-02  7.85395E-01  3.12009E-01  1.07219E+01  0.00000E+00
     238  3.19393E+03  9.17797E-02  7.85847E-01  3.12209E-01  1.07219E+01  0.00000E+00
     375  3.19393E+03  9.17290E-02  7.85228E-01  3.12171E-01  5.38159E+00  0.00000E+00
     433  3.19393E+03  9.17128E-02  7.85244E-01  3.12159E-01  3.59162E+00  0.00000E+00
     434  3.19393E+03  9.19451E-02  7.86675E-01  3.12391E-01  3.59162E+00  0.00000E+00
     124  3.19393E+03  6.63013E-02  9.95442E-01  6.42732E-02  1.60187E+01  0.00000E+00
     502  3.19393E+03  6.62864E-02  9.95477E-01  6.43235E-02  1.79748E+00  0.00000E+00
     503  3.19393E+03  9.39878E-03  9.12472E-01  7.31338E-02  1.79748E+00  0.00000E+00
       3  3.19393E+03  2.11697E-01  7.85676E-01  1.48658E-01  4.18046E+01  0.00000E+00
       4  3.19393E+03  2.11686E-01  7.85682E-01  1.48635E-01  4.01245E+01  0.00000E+00
       5  3.19393E+03  2.11738E-01  7.85671E-01  1.48737E-01  4.01245E+01  0.00000E+00
      12  3.19393E+03  2.11765E-01  7.85659E-01  1.49001E-01  3.50497E+01  0.00000E+00
      41  3.19393E+03  2.11763E-01  7.85617E-01  1.48857E-01  2.64766E+01  0.00000E+00
      48  6.38786E+03  2.11630E-01  7.85739E-01  1.48464E-01  2.47462E+01  0.00000E+00
      58  3.19393E+03  2.11821E-01  7.85694E-01  1.49088E-01  2.30108E+01  0.00000E+00
      76  6.38786E+03  2.11816E-01  7.85701E-01  1.49067E-01  2.12702E+01  0.00000E+00
      77  3.19393E+03  2.11774E-01  7.85700E-01  1.48910E-01  2.12702E+01  0.00000E+00
     188  3.19393E+03  2.11813E-01  7.85487E-01  1.48904E-01  1.24923E+01  0.00000E+00
     189  3.19393E+03  2.11797E-01  7.85647E-01  1.48904E-01  1.24923E+01  0.00000E+00
     190  3.19393E+03  2.11797E-01  7.85485E-01  1.48713E-01  1.24923E+01  0.00000E+00
     191  3.19393E+03  2.11769E-01  7.85653E-01  1.48716E-01  1.24923E+01  0.00000E+00
     282  3.19393E+03  2.11641E-01  7.85674E-01  1.48808E-01  8.94648E+00  0.00000E+00
     283  3.19393E+03  2.11622E-01  7.85863E-01  1.48809E-01  8.94648E+00  0.00000E+00
     284  3.19393E+03  2.11581E-01  7.85879E-01  1.48374E-01  8.94648E+00  0.00000E+00
     322  6.38786E+03  2.11805E-01  7.85684E-01  1.48983E-01  7.16655E+00  0.00000E+00
     323  3.19393E+03  2.11804E-01  7.85876E-01  1.48989E-01  7.16655E+00  0.00000E+00
     324  3.19393E+03  2.11596E-01  7.85694E-01  1.48552E-01  7.16655E+00  0.00000E+00
     376  3.19393E+03  2.11812E-01  7.85501E-01  1.49159E-01  5.38159E+00  0.00000E+00
     377  3.19393E+03  2.11807E-01  7.85912E-01  1.49174E-01  5.38159E+00  0.00000E+00
     435  3.19393E+03  2.11804E-01  7.85729E-01  1.49355E-01  3.59162E+00  0.00000E+00
     436  6.38786E+03  2.11560E-01  7.85733E-01  1.48200E-01  3.59162E+00  0.00000E+00
     575  3.19393E+03  2.11792E-01  7.85767E-01  1.49536E-01  0.00000E+00  0.00000E+00
     192  3.19393E+03  2.13020E-01  7.35210E-01  1.62109E-01  1.24923E+01  0.00000E+00
     378  3.19393E+03  2.13002E-01  7.35221E-01  1.61843E-01  5.38159E+00  0.00000E+00
     437  3.19393E+03  2.13017E-01  7.35221E-01  1.62255E-01  3.59162E+00  0.00000E+00
     438  3.19393E+03  1.51797E-01  6.42741E-01  1.27865E-01  3.59162E+00  0.00000E+00
     576  3.19393E+03  3.47900E-02  5.50903E-01  1.61987E-01  0.00000E+00  0.00000E+00
     577  3.19393E+03  3.50342E-02  5.51147E-01  1.61987E-01  0.00000E+00  0.00000E+00
     379  3.19393E+03  1.06074E-01  7.26729E-01  2.99970E-01  5.38159E+00  0.00000E+00
     439  3.19393E+03  1.06075E-01  7.26715E-01  2.99956E-01  3.59162E+00  0.00000E+00
      78  3.19393E+03  1.63460E-01  6.97161E-01  2.84630E-01  2.12702E+01  0.00000E+00
     239  3.19393E+03  1.91882E-01  6.64685E-01  4.60229E-01  1.07219E+01  0.00000E+00
     285  3.19393E+03  1.92063E-01  6.64908E-01  4.60070E-01  8.94648E+00  0.00000E+00
     380  3.19393E+03  1.92278E-01  6.64906E-01  4.60279E-01  5.38159E+00  0.00000E+00
     440  3.19393E+03  1.91805E-01  6.64684E-01  4.60075E-01  3.59162E+00  0.00000E+00
     504  3.19393E+03  1.92029E-01  6.64676E-01  4.60311E-01  1.79748E+00  0.00000E+00
     505  3.19393E+03  1.91787E-01  6.63952E-01  4.60319E-01  1.79748E+00  0.00000E+00
     578  3.19393E+03  1.92261E-01  6.64673E-01  4.60327E-01  0.00000E+00  0.00000E+00
     286  3.19393E+03  2.84244E-01  6.88616E-01  4.75451E-01  8.94648E+00  0.00000E+00
     325  3.19393E+03  2.84255E-01  6.88613E-01  4.75453E-01  7.16655E+00  0.00000E+00
     506  3.19393E+03  2.59655E-01  6.91054E-01  1.83468E-01  1.79748E+00  0.00000E+00
     579  3.19393E+03  2.62573E-01  6.89575E-01  1.82983E-01  0.00000E+00  0.00000E+00
     580  3.19393E+03  2.63062E-01  6.89575E-01  1.83228E-01  0.00000E+00  0.00000E+00
     581  6.38786E+03  2.83325E-01  7.02271E-01  1.91040E-01  0.00000E+00  0.00000E+00
     240  3.19393E+03  2.87288E-01  7.00317E-01  2.21057E-01  1.07219E+01  0.00000E+00
     241  3.19393E+03  4.30532E-01  6.72744E-01  2.43072E-01  1.07219E+01  0.00000E+00
     381  3.19393E+03  4.32924E-01  6.72258E-01  2.43276E-01  5.38159E+00  0.00000E+00
     507  3.19393E+03  4.32724E-01  6.72248E-01  2.43282E-01  1.79748E+00  0.00000E+00
     441  3.19393E+03  2.53494E-01  8.08605E-01  1.57357E-01  3.59162E+00  0.00000E+00
     508  3.19393E+03  2.53279E-01  8.08904E-01  1.57355E-01  1.79748E+00  0.00000E+00
     509  3.19393E+03  2.53513E-01  8.08902E-01  1.57354E-01  1.79748E+00  0.00000E+00
     582  3.19393E+03  2.53540E-01  8.08472E-01  1.57349E-01  0.00000E+00  0.00000E+00
     583  3.19393E+03  3.43628E-01  8.48267E-01  6.06689E-02  0.00000E+00  0.00000E+00
      59  3.19393E+03  3.43815E-01  8.48242E-01  6.07925E-02  2.30108E+01  0.00000E+00
      79  3.19393E+03  3.43818E-01  8.48236E-01  6.08801E-02  2.12702E+01  0.00000E+00
     125  3.19393E+03  3.43815E-01  8.48364E-01  6.09894E-02  1.60187E+01  0.00000E+00
     155  3.19393E+03  3.43788E-01  8.48340E-01  6.06450E-02  1.42578E+01  0.00000E+00
     193  6.38786E+03  3.43778E-01  8.48767E-01  6.07762E-02  1.24923E+01  0.00000E+00
     326  6.38786E+03  3.43827E-01  8.48117E-01  6.08505E-02  7.16655E+00  0.00000E+00
     382  3.19393E+03  3.43835E-01  8.48096E-01  6.08130E-02  5.38159E+00  0.00000E+00
     442  3.19393E+03  3.43842E-01  8.48519E-01  6.07697E-02  3.59162E+00  0.00000E+00
     443  3.19393E+03  3.43845E-01  8.48522E-01  6.09909E-02  3.59162E+00  0.00000E+00
     510  3.19393E+03  3.43858E-01  8.48281E-01  6.09531E-02  1.79748E+00  0.00000E+00
     511  3.19393E+03  3.43857E-01  8.48516E-01  6.09540E-02  1.79748E+00  0.00000E+00
     584  3.19393E+03  3.43872E-01  8.48267E-01  6.09131E-02  0.00000E+00  0.00000E+00
     585  3.19393E+03  3.43872E-01  8.48511E-01  6.11572E-02  0.00000E+00  0.00000E+00
       6  6.38786E+03  3.46031E-01  9.75247E-01  7.09315E-03  4.01245E+01  0.00000E+00
      13  3.19393E+03  3.46021E-01  9.75243E-01  7.08424E-03  3.33458E+01  0.00000E+00
      14  3.19393E+03  3.46040E-01  9.75271E-01  7.01818E-03  3.33458E+01  0.00000E+00
      42  3.19393E+03  3.46024E-01  9.75306E-01  7.05391E-03  2.64766E+01  0.00000E+00
      49  6.38786E+03  3.45215E-01  9.76369E-01  5.99335E-03  2.47462E+01  0.00000E+00
      50  3.19393E+03  3.46016E-01  9.75279E-01  7.11969E-03  2.47462E+01  0.00000E+00
      51  3.19393E+03  3.46026E-01  9.75345E-01  7.03689E-03  2.47462E+01  0.00000E+00
      52  3.19393E+03  3.45998E-01  9.75123E-01  7.15175E-03  2.47462E+01  0.00000E+00
      53  3.19393E+03  3.46053E-01  9.75219E-01  7.05837E-03  2.47462E+01  0.00000E+00
      54  3.19393E+03  3.46066E-01  9.75315E-01  7.03849E-03  2.47462E+01  0.00000E+00
      60  3.19393E+03  3.46058E-01  9.75069E-01  7.25310E-03  2.30108E+01  0.00000E+00
      61  3.19393E+03  3.46003E-01  9.75146E-01  7.14037E-03  2.30108E+01  0.00000E+00
      62  3.19393E+03  3.46104E-01  9.75129E-01  7.19425E-03  2.30108E+01  0.00000E+00
      80  3.19393E+03  3.45550E-01  9.71739E-01  1.01604E-02  2.12702E+01  0.00000E+00
      81  3.19393E+03  3.45229E-01  9.76823E-01  5.70098E-03  2.12702E+01  0.00000E+00
      82  3.19393E+03  3.46004E-01  9.75337E-01  7.04283E-03  2.12702E+01  0.00000E+00
      90  3.19393E+03  3.45574E-01  9.71577E-01  1.01971E-02  1.95246E+01  0.00000E+00
      91  3.19393E+03  3.45550E-01  9.71759E-01  1.01582E-02  1.95246E+01  0.00000E+00
      92  3.19393E+03  3.46023E-01  9.75265E-01  7.12827E-03  1.95246E+01  0.00000E+00
      93  3.19393E+03  3.45982E-01  9.75374E-01  7.01844E-03  1.95246E+01  0.00000E+00
      94  3.19393E+03  3.46045E-01  9.75211E-01  7.11501E-03  1.95246E+01  0.00000E+00
     105  3.19393E+03  3.45559E-01  9.72011E-01  1.00124E-02  1.77741E+01  0.00000E+00
     106  3.19393E+03  3.46072E-01  9.75545E-01  7.04423E-03  1.77741E+01  0.00000E+00
     126  3.19393E+03  3.45202E-01  9.76778E-01  5.66255E-03  1.60187E+01  0.00000E+00
     127  3.19393E+03  3.45203E-01  9.76546E-01  5.84785E-03  1.60187E+01  0.00000E+00
     128  3.19393E+03  3.46225E-01  9.74890E-01  7.33316E-03  1.60187E+01  0.00000E+00
     156  3.19393E+03  3.45206E-01  9.76764E-01  5.76315E-03  1.42578E+01  0.00000E+00
     157  3.19393E+03  3.45250E-01  9.74908E-01  7.33814E-03  1.42578E+01  0.00000E+00
     158  3.19393E+03  3.46042E-01  9.75703E-01  6.89510E-03  1.42578E+01  0.00000E+00
     159  6.38786E+03  3.46046E-01  9.75173E-01  7.14768E-03  1.42578E+01  0.00000E+00
     194  3.19393E+03  3.45591E-01  9.71446E-01  1.02068E-02  1.24923E+01  0.00000E+00
     195  3.19393E+03  3.46300E-01  9.73523E-01  8.52329E-03  1.24923E+01  0.00000E+00
     196  3.19393E+03  3.45841E-01  9.75829E-01  6.69054E-03  1.24923E+01  0.00000E+00
     197  3.19393E+03  3.46077E-01  9.74793E-01  7.36739E-03  1.24923E+01  0.00000E+00
     198  3.19393E+03  3.46047E-01  9.75191E-01  7.13009E-03  1.24923E+01  0.00000E+00
     199  3.19393E+03  3.45902E-01  9.74961E-01  7.29577E-03  1.24923E+01  0.00000E+00
     242  3.19393E+03  3.45582E-01  9.72365E-01  9.74082E-03  1.07219E+01  0.00000E+00
     243  3.19393E+03  3.45608E-01  9.71249E-01  1.02163E-02  1.07219E+01  0.00000E+00
     244  3.19393E+03  3.45589E-01  9.71460E-01  1.01980E-02  1.07219E+01  0.00000E+00
     245  3.19393E+03  3.45182E-01  9.76426E-01  5.94565E-03  1.07219E+01  0.00000E+00
     246  3.19393E+03  3.45177E-01  9.76230E-01  5.98322E-03  1.07219E+01  0.00000E+00
     247  3.19393E+03  3.46036E-01  9.75600E-01  6.89407E-03  1.07219E+01  0.00000E+00
     248  3.19393E+03  3.46049E-01  9.75352E-01  7.07434E-03  1.07219E+01  0.00000E+00
     287  3.19393E+03  3.46054E-01  9.75067E-01  7.12195E-03  8.94648E+00  0.00000E+00
     288  3.19393E+03  3.46079E-01  9.74802E-01  7.48331E-03  8.94648E+00  0.00000E+00
     289  9.58178E+03  3.46052E-01  9.75402E-01  7.05806E-03  8.94648E+00  0.00000E+00
     327  3.19393E+03  3.44445E-01  9.72181E-01  1.03921E-02  7.16655E+00  0.00000E+00
     328  3.19393E+03  3.45362E-01  9.72387E-01  9.91275E-03  7.16655E+00  0.00000E+00
     329  3.19393E+03  3.45601E-01  9.72660E-01  9.46937E-03  7.16655E+00  0.00000E+00
     330  3.19393E+03  3.44970E-01  9.75049E-01  7.27017E-03  7.16655E+00  0.00000E+00
     331  6.38786E+03  3.46056E-01  9.75091E-01  7.09279E-03  7.16655E+00  0.00000E+00
     332  6.38786E+03  3.46064E-01  9.75071E-01  7.25034E-03  7.16655E+00  0.00000E+00
     333  3.19393E+03  3.46062E-01  9.75253E-01  7.22105E-03  7.16655E+00  0.00000E+00
     334  3.19393E+03  3.46248E-01  9.75043E-01  7.26409E-03  7.16655E+00  0.00000E+00
     335  3.19393E+03  3.46282E-01  9.74815E-01  7.46942E-03  7.16655E+00  0.00000E+00
     383  3.19393E+03  3.45123E-01  9.72193E-01  1.01471E-02  5.38159E+00  0.00000E+00
     384  3.19393E+03  3.46057E-01  9.75307E-01  7.04395E-03  5.38159E+00  0.00000E+00
     385  3.19393E+03  3.46064E-01  9.75102E-01  7.23809E-03  5.38159E+00  0.00000E+00
     386  3.19393E+03  3.46063E-01  9.75299E-01  7.21936E-03  5.38159E+00  0.00000E+00
     444  3.19393E+03  3.45573E-01  9.71984E-01  1.01370E-02  3.59162E+00  0.00000E+00
     445  3.19393E+03  3.45128E-01  9.77070E-01  5.56925E-03  3.59162E+00  0.00000E+00
     446  3.19393E+03  3.45860E-01  9.75364E-01  7.01415E-03  3.59162E+00  0.00000E+00
     447  9.58178E+03  3.46061E-01  9.75354E-01  7.01658E-03  3.59162E+00  0.00000E+00
     448  6.38786E+03  3.46064E-01  9.75349E-01  7.21642E-03  3.59162E+00  0.00000E+00
     512  3.19393E+03  3.44624E-01  9.72023E-01  1.03811E-02  1.79748E+00  0.00000E+00
     513  3.19393E+03  3.44379E-01  9.72494E-01  1.03762E-02  1.79748E+00  0.00000E+00
     514  3.19393E+03  3.45345E-01  9.72018E-01  1.01374E-02  1.79748E+00  0.00000E+00
     515  3.19393E+03  3.44862E-01  9.72021E-01  1.03782E-02  1.79748E+00  0.00000E+00
     516  3.19393E+03  3.45340E-01  9.76883E-01  5.53739E-03  1.79748E+00  0.00000E+00
     517  3.19393E+03  3.45340E-01  9.76639E-01  5.77576E-03  1.79748E+00  0.00000E+00
     518  3.19393E+03  3.45357E-01  9.74940E-01  7.22589E-03  1.79748E+00  0.00000E+00
     519  6.38786E+03  3.46068E-01  9.74945E-01  7.22396E-03  1.79748E+00  0.00000E+00
     520  6.38786E+03  3.46303E-01  9.74702E-01  7.23327E-03  1.79748E+00  0.00000E+00
     521  3.19393E+03  3.45842E-01  9.75181E-01  6.99278E-03  1.79748E+00  0.00000E+00
     522  6.38786E+03  3.45842E-01  9.75175E-01  7.21750E-03  1.79748E+00  0.00000E+00
     586  3.19393E+03  3.44360E-01  9.72534E-01  1.03760E-02  0.00000E+00  0.00000E+00
     587  3.19393E+03  3.45581E-01  9.71802E-01  9.88770E-03  0.00000E+00  0.00000E+00
     588  3.19393E+03  3.45337E-01  9.76929E-01  5.73730E-03  0.00000E+00  0.00000E+00
     589  3.19393E+03  3.45337E-01  9.75220E-01  7.20215E-03  0.00000E+00  0.00000E+00
     590  3.19393E+03  3.45337E-01  9.74976E-01  7.44629E-03  0.00000E+00  0.00000E+00
     591  3.19393E+03  3.46069E-01  9.74976E-01  6.95801E-03  0.00000E+00  0.00000E+00
     523  3.19393E+03  7.39376E-01  7.87941E-01  2.07887E-01  1.79748E+00  0.00000E+00
     592  3.19393E+03  7.39380E-01  7.87964E-01  2.07886E-01  0.00000E+00  0.00000E+00
     524  3.19393E+03  5.03019E-01  6.83705E-01  3.90982E-01  1.79748E+00  0.00000E+00
     593  3.19393E+03  5.03052E-01  6.83716E-01  3.90991E-01  0.00000E+00  0.00000E+00
     129  6.38786E+03  5.29942E-01  7.31558E-01  4.90307E-01  1.60187E+01  0.00000E+00
     160  3.19393E+03  5.29761E-01  7.31583E-01  4.90292E-01  1.42578E+01  0.00000E+00
     336  3.19393E+03  6.83919E-01  5.03938E-01  4.39778E-01  7.16655E+00  0.00000E+00
     387  3.19393E+03  6.83928E-01  5.04120E-01  4.39788E-01  5.38159E+00  0.00000E+00
     449  3.19393E+03  6.83716E-01  5.04092E-01  4.39797E-01  3.59162E+00  0.00000E+00
     130  3.19393E+03  7.84231E-01  5.39333E-01  4.45698E-01  1.60187E+01  0.00000E+00
     525  3.19393E+03  7.84291E-01  5.39203E-01  4.45655E-01  1.79748E+00  0.00000E+00
     249  3.19393E+03  7.99416E-01  5.47948E-01  4.75354E-02  1.07219E+01  0.00000E+00
     290  3.19393E+03  7.99419E-01  5.47952E-01  4.75289E-02  8.94648E+00  0.00000E+00
     337  3.19393E+03  7.99418E-01  5.48169E-01  4.75182E-02  7.16655E+00  0.00000E+00
     338  3.19393E+03  9.83030E-01  8.11702E-01  7.19795E-02  7.16655E+00  0.00000E+00
     388  3.19393E+03  9.82830E-01  8.11688E-01  7.17515E-02  5.38159E+00  0.00000E+00
     389  3.19393E+03  9.83042E-01  8.11692E-01  7.15249E-02  5.38159E+00  0.00000E+00
       8  3.19393E+03  7.68502E-01  7.76493E-01  4.86471E-01  3.67476E+01  0.00000E+00
      83  3.19393E+03  7.68473E-01  7.76491E-01  4.86464E-01  2.12702E+01  0.00000E+00
     450  3.19393E+03  7.59400E-01  7.62342E-01  4.85961E-01  3.59162E+00  0.00000E+00
     594  3.19393E+03  7.69165E-01  7.77222E-01  4.85718E-01  0.00000E+00  0.00000E+00
     595  3.19393E+03  7.68677E-01  7.76733E-01  4.86206E-01  0.00000E+00  0.00000E+00
     596  3.19393E+03  7.68433E-01  7.76489E-01  4.86450E-01  0.00000E+00  0.00000E+00
     200  3.19393E+03  8.73395E-01  7.74061E-01  5.33085E-01  1.24923E+01  0.00000E+00
     339  3.19393E+03  8.73409E-01  7.74061E-01  5.32955E-01  7.16655E+00  0.00000E+00
     451  3.19393E+03  7.15203E-01  7.98945E-01  5.70915E-01  3.59162E+00  0.00000E+00
     161  3.19393E+03  6.78305E-01  7.72840E-01  6.16330E-01  1.42578E+01  0.00000E+00
     250  3.19393E+03  6.78314E-01  7.72836E-01  6.16167E-01  1.07219E+01  0.00000E+00
     597  3.19393E+03  6.78345E-01  7.72827E-01  6.16577E-01  0.00000E+00  0.00000E+00
      63  3.19393E+03  5.84591E-01  9.91617E-01  5.48975E-01  2.30108E+01  0.00000E+00
     291  3.19393E+03  5.84817E-01  9.91718E-01  5.48953E-01  8.94648E+00  0.00000E+00
     390  3.19393E+03  5.84600E-01  9.91754E-01  5.48952E-01  5.38159E+00  0.00000E+00
     452  3.19393E+03  5.84825E-01  9.91550E-01  5.48957E-01  3.59162E+00  0.00000E+00
     526  3.19393E+03  5.83628E-01  9.91073E-01  5.48953E-01  1.79748E+00  0.00000E+00
     527  3.19393E+03  5.84592E-01  9.91564E-01  5.48954E-01  1.79748E+00  0.00000E+00
     528  3.19393E+03  6.91041E-01  8.45342E-01  8.86855E-01  1.79748E+00  0.00000E+00
     529  3.19393E+03  6.91039E-01  8.45341E-01  8.87093E-01  1.79748E+00  0.00000E+00
      24  3.19393E+03  6.91976E-01  8.27763E-01  9.47135E-01  2.99218E+01  0.00000E+00
     107  3.19393E+03  6.91985E-01  8.27762E-01  9.47145E-01  1.77741E+01  0.00000E+00
     131  3.19393E+03  6.91987E-01  8.27761E-01  9.47145E-01  1.60187E+01  0.00000E+00
     251  3.19393E+03  6.91809E-01  8.27763E-01  9.47149E-01  1.07219E+01  0.00000E+00
     292  3.19393E+03  6.92003E-01  8.27765E-01  9.46959E-01  8.94648E+00  0.00000E+00
     391  6.38786E+03  6.92005E-01  8.27760E-01  9.47146E-01  5.38159E+00  0.00000E+00
     453  3.19393E+03  6.92009E-01  8.27760E-01  9.47146E-01  3.59162E+00  0.00000E+00
     454  3.19393E+03  6.54905E-01  8.75140E-01  9.57178E-01  3.59162E+00  0.00000E+00
      95  3.19393E+03  7.83894E-01  9.77742E-01  9.50740E-01  1.95246E+01  0.00000E+00
     108  3.19393E+03  8.08421E-01  9.88653E-01  9.62525E-01  1.77741E+01  0.00000E+00
     201  6.38786E+03  8.08912E-01  9.88888E-01  9.62751E-01  1.24923E+01  0.00000E+00
     252  3.19393E+03  8.08225E-01  9.88635E-01  9.62516E-01  1.07219E+01  0.00000E+00
     530  3.19393E+03  7.83823E-01  9.77650E-01  9.50797E-01  1.79748E+00  0.00000E+00
     598  3.19393E+03  8.07983E-01  9.88403E-01  9.62280E-01  0.00000E+00  0.00000E+00
     599  6.38786E+03  7.83813E-01  9.77661E-01  9.50806E-01  0.00000E+00  0.00000E+00
     293  3.19393E+03  8.67808E-01  9.70580E-01  9.11553E-01  8.94648E+00  0.00000E+00
     294  3.19393E+03  8.92935E-01  6.40706E-01  7.50375E-01  8.94648E+00  0.00000E+00
     340  3.19393E+03  8.92937E-01  6.40713E-01  7.50373E-01  7.16655E+00  0.00000E+00
     162  3.19393E+03  8.72450E-01  5.48452E-01  9.35313E-01  1.42578E+01  0.00000E+00
     163  3.19393E+03  8.72810E-01  5.48439E-01  9.35248E-01  1.42578E+01  0.00000E+00
     202  6.38786E+03  8.72833E-01  5.48442E-01  9.35081E-01  1.24923E+01  0.00000E+00
     203  3.19393E+03  8.72800E-01  5.48443E-01  9.35245E-01  1.24923E+01  0.00000E+00
     253  3.19393E+03  8.72367E-01  5.48452E-01  9.35467E-01  1.07219E+01  0.00000E+00
     295  3.19393E+03  8.72341E-01  5.48454E-01  9.35466E-01  8.94648E+00  0.00000E+00
     531  3.19393E+03  8.72700E-01  5.48460E-01  9.35428E-01  1.79748E+00  0.00000E+00
     600  3.19393E+03  8.72681E-01  5.48462E-01  9.35181E-01  0.00000E+00  0.00000E+00
     254  3.19393E+03  5.38243E-01  7.12733E-01  7.77946E-01  1.07219E+01  0.00000E+00
     296  3.19393E+03  5.38237E-01  7.12738E-01  7.77948E-01  8.94648E+00  0.00000E+00
     341  3.19393E+03  6.84446E-01  5.71665E-01  8.42411E-01  7.16655E+00  0.00000E+00
     342  3.19393E+03  6.54180E-01  5.94850E-01  8.55098E-01  7.16655E+00  0.00000E+00
     392  3.19393E+03  6.54179E-01  5.94850E-01  8.55099E-01  5.38159E+00  0.00000E+00
      84  3.19393E+03  6.28080E-01  7.03209E-01  5.05935E-01  2.12702E+01  0.00000E+00
     132  3.19393E+03  6.28525E-01  7.03029E-01  5.06785E-01  1.60187E+01  0.00000E+00
     164  3.19393E+03  6.28535E-01  7.03024E-01  5.06609E-01  1.42578E+01  0.00000E+00
     204  3.19393E+03  6.28536E-01  7.03022E-01  5.06618E-01  1.24923E+01  0.00000E+00
     532  3.19393E+03  6.28052E-01  7.03244E-01  5.05736E-01  1.79748E+00  0.00000E+00
     601  3.19393E+03  6.28540E-01  7.03003E-01  5.06470E-01  0.00000E+00  0.00000E+00
     602  3.19393E+03  6.28296E-01  7.03003E-01  5.06958E-01  0.00000E+00  0.00000E+00
     297  3.19393E+03  8.38679E-01  6.24951E-01  6.00245E-01  8.94648E+00  0.00000E+00
     455  3.19393E+03  8.38489E-01  6.24911E-01  6.00228E-01  3.59162E+00  0.00000E+00
     343  3.19393E+03  7.97267E-01  6.55105E-01  7.18831E-01  7.16655E+00  0.00000E+00
     393  3.19393E+03  7.97039E-01  6.55339E-01  7.19064E-01  5.38159E+00  0.00000E+00
      15  3.19393E+03  7.98141E-01  6.67443E-01  5.87753E-01  3.33458E+01  0.00000E+00
      43  9.58178E+03  7.98262E-01  6.67411E-01  5.87739E-01  2.64766E+01  0.00000E+00
     165  3.19393E+03  7.98054E-01  6.67406E-01  5.87769E-01  1.42578E+01  0.00000E+00
     205  3.19393E+03  7.98690E-01  6.67376E-01  5.87561E-01  1.24923E+01  0.00000E+00
     255  3.19393E+03  7.98469E-01  6.67384E-01  5.87572E-01  1.07219E+01  0.00000E+00
     298  3.19393E+03  7.98241E-01  6.67383E-01  5.87763E-01  8.94648E+00  0.00000E+00
     299  3.19393E+03  7.98018E-01  6.67582E-01  5.87758E-01  8.94648E+00  0.00000E+00
     344  3.19393E+03  7.98460E-01  6.67373E-01  5.87762E-01  7.16655E+00  0.00000E+00
      85  3.19393E+03  8.37063E-01  6.28380E-01  6.01704E-01  2.12702E+01  0.00000E+00
     456  3.19393E+03  8.37043E-01  6.28312E-01  6.01686E-01  3.59162E+00  0.00000E+00
      96  3.19393E+03  6.80781E-01  4.06830E-01  5.69865E-01  1.95246E+01  0.00000E+00
     206  3.19393E+03  6.80784E-01  4.06628E-01  5.70111E-01  1.24923E+01  0.00000E+00
     457  3.19393E+03  6.80786E-01  4.06855E-01  5.69930E-01  3.59162E+00  0.00000E+00
     533  3.19393E+03  6.80786E-01  4.06857E-01  5.69938E-01  1.79748E+00  0.00000E+00
      25  3.19393E+03  6.55847E-01  4.14952E-01  5.32881E-01  2.99218E+01  0.00000E+00
      33  3.19393E+03  6.90157E-01  4.06392E-01  5.61612E-01  2.82016E+01  0.00000E+00
      64  3.19393E+03  6.96964E-01  4.03477E-01  5.60230E-01  2.30108E+01  0.00000E+00
      65  3.19393E+03  6.97094E-01  4.03431E-01  5.60242E-01  2.30108E+01  0.00000E+00
      97  3.19393E+03  6.96947E-01  4.03590E-01  5.60253E-01  1.95246E+01  0.00000E+00
     109  3.19393E+03  6.96959E-01  4.03598E-01  5.60248E-01  1.77741E+01  0.00000E+00
     207  3.19393E+03  6.90273E-01  4.07046E-01  5.61843E-01  1.24923E+01  0.00000E+00
     256  3.19393E+03  6.96839E-01  4.03462E-01  5.60211E-01  1.07219E+01  0.00000E+00
     300  3.19393E+03  6.90250E-01  4.06380E-01  5.61632E-01  8.94648E+00  0.00000E+00
     345  6.38786E+03  6.96850E-01  4.03659E-01  5.60208E-01  7.16655E+00  0.00000E+00
     394  3.19393E+03  6.96861E-01  4.03665E-01  5.60202E-01  5.38159E+00  0.00000E+00
     603  6.38786E+03  6.97144E-01  4.03442E-01  5.60181E-01  0.00000E+00  0.00000E+00
      66  3.19393E+03  6.12346E-01  4.55583E-01  7.01049E-01  2.30108E+01  0.00000E+00
      86  3.19393E+03  6.12350E-01  4.55588E-01  7.01049E-01  2.12702E+01  0.00000E+00
      98  3.19393E+03  6.11461E-01  4.56094E-01  7.01689E-01  1.95246E+01  0.00000E+00
     301  3.19393E+03  6.12183E-01  4.55648E-01  7.01065E-01  8.94648E+00  0.00000E+00
     302  3.19393E+03  6.12403E-01  4.55431E-01  7.01052E-01  8.94648E+00  0.00000E+00
     303  3.19393E+03  6.11694E-01  4.55902E-01  7.01533E-01  8.94648E+00  0.00000E+00
     346  3.19393E+03  6.12183E-01  4.55655E-01  7.01062E-01  7.16655E+00  0.00000E+00
     347  3.19393E+03  6.11452E-01  4.56139E-01  7.01745E-01  7.16655E+00  0.00000E+00
      16  3.19393E+03  6.50981E-01  3.60431E-01  7.13207E-01  3.33458E+01  0.00000E+00
      67  3.19393E+03  6.51012E-01  3.60425E-01  7.13343E-01  2.30108E+01  0.00000E+00
      68  3.19393E+03  6.51096E-01  3.60441E-01  7.13510E-01  2.30108E+01  0.00000E+00
      99  3.19393E+03  6.50971E-01  3.60443E-01  7.13229E-01  1.95246E+01  0.00000E+00
     166  3.19393E+03  6.50955E-01  3.60456E-01  7.13024E-01  1.42578E+01  0.00000E+00
     167  3.19393E+03  6.51095E-01  3.60456E-01  7.13258E-01  1.42578E+01  0.00000E+00
     208  3.19393E+03  6.51127E-01  3.60459E-01  7.13431E-01  1.24923E+01  0.00000E+00
     257  3.19393E+03  6.51141E-01  3.60461E-01  7.13440E-01  1.07219E+01  0.00000E+00
     304  3.19393E+03  6.50986E-01  3.60453E-01  7.13431E-01  8.94648E+00  0.00000E+00
     348  6.38786E+03  6.50986E-01  3.60457E-01  7.13444E-01  7.16655E+00  0.00000E+00
     534  3.19393E+03  6.50995E-01  3.60470E-01  7.13253E-01  1.79748E+00  0.00000E+00
     604  3.19393E+03  6.51001E-01  3.60474E-01  7.13257E-01  0.00000E+00  0.00000E+00
      26  3.19393E+03  5.90704E-01  3.40665E-01  7.62841E-01  2.99218E+01  0.00000E+00
     110  3.19393E+03  5.79225E-01  3.33315E-01  7.54563E-01  1.77741E+01  0.00000E+00
     349  3.19393E+03  5.79221E-01  3.33145E-01  7.54540E-01  7.16655E+00  0.00000E+00
     395  3.19393E+03  5.90698E-01  3.40688E-01  7.62788E-01  5.38159E+00  0.00000E+00
     458  6.38786E+03  5.88013E-01  3.36802E-01  7.59891E-01  3.59162E+00  0.00000E+00
     459  3.19393E+03  5.79222E-01  3.33363E-01  7.54529E-01  3.59162E+00  0.00000E+00
     460  3.19393E+03  5.90699E-01  3.40691E-01  7.62797E-01  3.59162E+00  0.00000E+00
     535  3.19393E+03  5.88013E-01  3.36797E-01  7.59889E-01  1.79748E+00  0.00000E+00
     605  3.19393E+03  5.90942E-01  3.40942E-01  7.63062E-01  0.00000E+00  0.00000E+00
     133  3.19393E+03  5.98308E-01  2.84576E-01  7.98469E-01  1.60187E+01  0.00000E+00
     258  3.19393E+03  5.63853E-01  3.37517E-01  8.91845E-01  1.07219E+01  0.00000E+00
     350  3.19393E+03  5.63849E-01  3.37518E-01  8.92033E-01  7.16655E+00  0.00000E+00
      34  3.19393E+03  9.73342E-01  1.96361E-01  7.68654E-01  2.82016E+01  0.00000E+00
      87  3.19393E+03  9.73351E-01  1.96476E-01  7.68655E-01  2.12702E+01  0.00000E+00
     305  3.19393E+03  9.73295E-01  1.96235E-01  7.68672E-01  8.94648E+00  0.00000E+00
     461  3.19393E+03  9.73282E-01  1.96425E-01  7.68674E-01  3.59162E+00  0.00000E+00
     462  3.19393E+03  9.73518E-01  1.96663E-01  7.68671E-01  3.59162E+00  0.00000E+00
      17  3.19393E+03  9.38195E-01  1.33891E-01  7.50745E-01  3.33458E+01  0.00000E+00
      88  3.19393E+03  9.38128E-01  1.33842E-01  7.50696E-01  2.12702E+01  0.00000E+00
     168  3.19393E+03  9.38063E-01  1.33891E-01  7.50670E-01  1.42578E+01  0.00000E+00
     169  3.19393E+03  9.38225E-01  1.33886E-01  7.50841E-01  1.42578E+01  0.00000E+00
     209  3.19393E+03  9.38216E-01  1.33870E-01  7.50843E-01  1.24923E+01  0.00000E+00
     259  3.19393E+03  9.38200E-01  1.34013E-01  7.50855E-01  1.07219E+01  0.00000E+00
     306  3.19393E+03  9.38173E-01  1.34002E-01  7.50675E-01  8.94648E+00  0.00000E+00
     536  3.19393E+03  9.38127E-01  1.33704E-01  7.50622E-01  1.79748E+00  0.00000E+00
     606  3.19393E+03  9.38110E-01  1.33667E-01  7.50854E-01  0.00000E+00  0.00000E+00
     607  3.19393E+03  9.38354E-01  1.33911E-01  7.50854E-01  0.00000E+00  0.00000E+00
     111  3.19393E+03  9.77352E-01  5.28880E-02  8.40206E-01  1.77741E+01  0.00000E+00
     134  3.19393E+03  9.77319E-01  5.28850E-02  8.40207E-01  1.60187E+01  0.00000E+00
     537  3.19393E+03  9.77218E-01  5.28606E-02  8.40210E-01  1.79748E+00  0.00000E+00
     210  3.19393E+03  5.46655E-01  5.50799E-02  9.26572E-01  1.24923E+01  0.00000E+00
     463  3.19393E+03  5.46496E-01  5.49991E-02  9.26609E-01  3.59162E+00  0.00000E+00
     396  3.19393E+03  5.85085E-01  2.38644E-01  8.00904E-01  5.38159E+00  0.00000E+00
     211  3.19393E+03  7.46114E-01  3.44115E-02  8.61000E-01  1.24923E+01  0.00000E+00
     608  3.19393E+03  5.55298E-01  6.28662E-02  5.17212E-01  0.00000E+00  0.00000E+00
      44  3.19393E+03  6.62648E-01  1.15021E-01  5.40663E-01  2.64766E+01  0.00000E+00
     170  3.19393E+03  8.33886E-01  6.55657E-02  6.40444E-01  1.42578E+01  0.00000E+00
     397  3.19393E+03  8.34111E-01  6.57833E-02  6.40480E-01  5.38159E+00  0.00000E+00
     464  3.19393E+03  8.33629E-01  6.55486E-02  6.40257E-01  3.59162E+00  0.00000E+00
     465  3.19393E+03  8.35329E-01  6.60418E-02  6.40487E-01  3.59162E+00  0.00000E+00
     609  3.19393E+03  9.13208E-01  2.04468E-01  5.61890E-01  0.00000E+00  0.00000E+00
      55  3.19393E+03  8.95809E-01  1.35912E-01  5.31995E-01  2.47462E+01  0.00000E+00
      69  3.19393E+03  8.95812E-01  1.35910E-01  5.31999E-01  2.30108E+01  0.00000E+00
     212  3.19393E+03  8.95850E-01  1.35882E-01  5.31866E-01  1.24923E+01  0.00000E+00
     351  6.38786E+03  8.95640E-01  1.36095E-01  5.32066E-01  7.16655E+00  0.00000E+00
     398  3.19393E+03  8.95858E-01  1.35878E-01  5.32074E-01  5.38159E+00  0.00000E+00
     135  3.19393E+03  8.86383E-01  3.50086E-02  7.22056E-01  1.60187E+01  0.00000E+00
     538  3.19393E+03  8.86599E-01  3.50319E-02  7.22048E-01  1.79748E+00  0.00000E+00
     610  3.19393E+03  9.37378E-01  1.03882E-01  4.48120E-01  0.00000E+00  0.00000E+00
      35  3.19393E+03  8.81736E-01  1.12640E-01  2.58162E-01  2.82016E+01  0.00000E+00
     307  6.38786E+03  8.81719E-01  1.12655E-01  2.58177E-01  8.94648E+00  0.00000E+00
      27  3.19393E+03  9.14700E-01  1.78962E-01  3.86106E-01  2.99218E+01  0.00000E+00
     260  3.19393E+03  9.14681E-01  1.79031E-01  3.86109E-01  1.07219E+01  0.00000E+00
     611  3.19393E+03  9.14673E-01  1.79077E-01  3.85864E-01  0.00000E+00  0.00000E+00
     112  3.19393E+03  8.80132E-01  3.17516E-01  2.66282E-01  1.77741E+01  0.00000E+00
     171  3.19393E+03  8.80296E-01  3.17494E-01  2.66268E-01  1.42578E+01  0.00000E+00
     352  3.19393E+03  8.80503E-01  3.17277E-01  2.66249E-01  7.16655E+00  0.00000E+00
     172  3.19393E+03  7.79749E-01  3.11906E-01  4.49174E-01  1.42578E+01  0.00000E+00
     539  3.19393E+03  7.79651E-01  3.11892E-01  4.49082E-01  1.79748E+00  0.00000E+00
     612  3.19393E+03  7.79907E-01  3.11890E-01  4.49097E-01  0.00000E+00  0.00000E+00
     613  3.19393E+03  7.49878E-01  3.00171E-01  4.31763E-01  0.00000E+00  0.00000E+00
     614  3.19393E+03  5.57739E-01  2.10083E-01  4.70337E-01  0.00000E+00  0.00000E+00
     261  3.19393E+03  5.81923E-01  2.21167E-01  4.52157E-01  1.07219E+01  0.00000E+00
     308  3.19393E+03  5.81919E-01  2.21366E-01  4.51947E-01  8.94648E+00  0.00000E+00
     466  3.19393E+03  5.81917E-01  2.21342E-01  4.51764E-01  3.59162E+00  0.00000E+00
     467  3.19393E+03  5.81910E-01  2.21571E-01  4.51758E-01  3.59162E+00  0.00000E+00
     399  3.19393E+03  6.03441E-01  2.26750E-01  4.19313E-01  5.38159E+00  0.00000E+00
     136  3.19393E+03  8.94038E-01  3.79212E-01  4.65565E-02  1.60187E+01  0.00000E+00
     400  6.38786E+03  8.94050E-01  3.79244E-01  4.63798E-02  5.38159E+00  0.00000E+00
     401  3.19393E+03  8.94269E-01  3.79245E-01  4.63690E-02  5.38159E+00  0.00000E+00
     615  3.19393E+03  8.94409E-01  3.79272E-01  4.65088E-02  0.00000E+00  0.00000E+00
     540  3.19393E+03  9.32985E-01  2.65985E-01  1.76122E-01  1.79748E+00  0.00000E+00
     353  3.19393E+03  9.10808E-01  2.68465E-01  1.50231E-01  7.16655E+00  0.00000E+00
     468  3.19393E+03  9.83480E-01  3.24833E-01  8.87215E-02  3.59162E+00  0.00000E+00
     541  3.19393E+03  9.83499E-01  3.24831E-01  8.87327E-02  1.79748E+00  0.00000E+00
     616  3.19393E+03  9.13696E-01  2.33765E-01  1.20972E-01  0.00000E+00  0.00000E+00
     402  3.19393E+03  8.42420E-01  1.92505E-01  3.58185E-02  5.38159E+00  0.00000E+00
     469  3.19393E+03  8.29725E-01  2.17657E-01  7.41044E-02  3.59162E+00  0.00000E+00
     100  3.19393E+03  8.37441E-01  2.32819E-01  6.87808E-02  1.95246E+01  0.00000E+00
     213  3.19393E+03  8.37460E-01  2.33243E-01  6.85401E-02  1.24923E+01  0.00000E+00
     262  3.19393E+03  8.37291E-01  2.32807E-01  6.87620E-02  1.07219E+01  0.00000E+00
     263  6.38786E+03  8.37468E-01  2.33016E-01  6.87373E-02  1.07219E+01  0.00000E+00
     617  3.19393E+03  8.37280E-01  2.33276E-01  6.84814E-02  0.00000E+00  0.00000E+00
     354  3.19393E+03  8.86201E-01  4.79520E-02  1.54183E-01  7.16655E+00  0.00000E+00
     403  3.19393E+03  8.86393E-01  4.79622E-02  1.54253E-01  5.38159E+00  0.00000E+00
     404  3.19393E+03  8.86409E-01  4.79624E-02  1.54481E-01  5.38159E+00  0.00000E+00
     309  3.19393E+03  8.55132E-01  1.10442E-01  2.43276E-01  8.94648E+00  0.00000E+00
