 Age of the universe in Myr    164.994889325365     
      Id   Mass(Msol)      x(Lbox)      y(Lbox)      z(Lbox)     Age(Myr)
      20  3.19393E+03  4.43012E-01  3.30564E-01  4.22354E-01  1.03956E+01  0.00000E+00
      70  3.19393E+03  4.42996E-01  3.30469E-01  4.22228E-01  1.74400E+00  0.00000E+00
      71  3.19393E+03  4.40568E-01  3.31187E-01  4.21011E-01  1.74400E+00  0.00000E+00
      72  3.19393E+03  1.79674E-02  9.87674E-02  9.52051E-01  1.74400E+00  0.00000E+00
      18  3.19393E+03  4.43484E-01  4.31936E-01  9.69843E-01  1.21103E+01  0.00000E+00
      21  3.19393E+03  4.43486E-01  4.32108E-01  9.69844E-01  1.03956E+01  0.00000E+00
      89  3.19393E+03  4.43481E-01  4.32007E-01  9.69604E-01  0.00000E+00  0.00000E+00
      22  3.19393E+03  1.78666E-01  6.66084E-01  6.66685E-01  1.03956E+01  0.00000E+00
      28  3.19393E+03  1.78664E-01  6.66096E-01  6.66909E-01  8.67537E+00  0.00000E+00
      36  6.38786E+03  1.78846E-01  6.66106E-01  6.66956E-01  6.95041E+00  0.00000E+00
      19  3.19393E+03  3.53396E-01  6.79699E-01  6.04634E-01  1.21103E+01  0.00000E+00
      29  3.19393E+03  3.53875E-01  6.79046E-01  6.02842E-01  8.67537E+00  0.00000E+00
      30  3.19393E+03  3.53874E-01  6.79066E-01  6.03056E-01  8.67537E+00  0.00000E+00
      31  3.19393E+03  3.53395E-01  6.79528E-01  6.04470E-01  8.67537E+00  0.00000E+00
      37  3.19393E+03  3.53395E-01  6.79552E-01  6.04703E-01  6.95041E+00  0.00000E+00
      45  3.19393E+03  3.53395E-01  6.79555E-01  6.04739E-01  5.21991E+00  0.00000E+00
      56  3.19393E+03  3.53876E-01  6.79297E-01  6.03353E-01  3.48458E+00  0.00000E+00
      32  3.19393E+03  4.05457E-01  6.72006E-01  6.44639E-01  8.67537E+00  0.00000E+00
      38  3.19393E+03  4.05492E-01  6.72020E-01  6.44484E-01  6.95041E+00  0.00000E+00
      57  3.19393E+03  4.05787E-01  6.72001E-01  6.44779E-01  3.48458E+00  0.00000E+00
       9  6.38786E+03  2.11381E-02  7.82378E-01  3.86350E-01  1.55235E+01  0.00000E+00
       1  6.38786E+03  6.58129E-02  7.77251E-01  3.51147E-01  3.38801E+01  0.00000E+00
       2  3.19393E+03  6.58042E-02  7.77241E-01  3.51151E-01  3.22405E+01  0.00000E+00
       7  3.19393E+03  6.57226E-02  7.77293E-01  3.51161E-01  1.72214E+01  0.00000E+00
      10  3.19393E+03  6.56909E-02  7.77303E-01  3.51166E-01  1.55235E+01  0.00000E+00
      11  3.19393E+03  6.58381E-02  7.77327E-01  3.51146E-01  1.55235E+01  0.00000E+00
      23  3.19393E+03  6.55682E-02  7.77164E-01  3.51179E-01  1.03956E+01  0.00000E+00
      39  3.19393E+03  6.58915E-02  7.77210E-01  3.51169E-01  6.95041E+00  0.00000E+00
      40  3.19393E+03  6.59162E-02  7.77406E-01  3.50975E-01  6.95041E+00  0.00000E+00
      46  3.19393E+03  6.56681E-02  7.77198E-01  3.51183E-01  5.21991E+00  0.00000E+00
      47  3.19393E+03  6.58722E-02  7.77211E-01  3.51176E-01  5.21991E+00  0.00000E+00
      73  3.19393E+03  6.53505E-02  7.76975E-01  3.51194E-01  1.74400E+00  0.00000E+00
      74  3.19393E+03  6.55882E-02  7.76981E-01  3.51193E-01  1.74400E+00  0.00000E+00
      75  3.19393E+03  6.60628E-02  7.77452E-01  3.50954E-01  1.74400E+00  0.00000E+00
       3  3.19393E+03  2.11621E-01  7.85945E-01  1.48045E-01  2.22783E+01  0.00000E+00
       4  3.19393E+03  2.11612E-01  7.85961E-01  1.48006E-01  2.05982E+01  0.00000E+00
       5  3.19393E+03  2.11641E-01  7.85956E-01  1.48181E-01  2.05982E+01  0.00000E+00
      12  3.19393E+03  2.11781E-01  7.85851E-01  1.48491E-01  1.55235E+01  0.00000E+00
      41  3.19393E+03  2.11786E-01  7.85722E-01  1.48278E-01  6.95041E+00  0.00000E+00
      48  6.38786E+03  2.11563E-01  7.85953E-01  1.47767E-01  5.21991E+00  0.00000E+00
      58  3.19393E+03  2.11797E-01  7.85964E-01  1.48643E-01  3.48458E+00  0.00000E+00
      76  6.38786E+03  2.11794E-01  7.85986E-01  1.48603E-01  1.74400E+00  0.00000E+00
      77  3.19393E+03  2.11791E-01  7.85986E-01  1.48364E-01  1.74400E+00  0.00000E+00
      78  3.19393E+03  1.63453E-01  6.97145E-01  2.84553E-01  1.74400E+00  0.00000E+00
      59  3.19393E+03  3.43862E-01  8.48054E-01  6.02750E-02  3.48458E+00  0.00000E+00
      79  3.19393E+03  3.43867E-01  8.48039E-01  6.04646E-02  1.74400E+00  0.00000E+00
       6  6.38786E+03  3.46055E-01  9.75701E-01  6.91963E-03  2.05982E+01  0.00000E+00
      13  3.19393E+03  3.46053E-01  9.75805E-01  6.86990E-03  1.38195E+01  0.00000E+00
      14  3.19393E+03  3.46063E-01  9.75974E-01  6.83806E-03  1.38195E+01  0.00000E+00
      42  3.19393E+03  3.46060E-01  9.75972E-01  6.80151E-03  6.95041E+00  0.00000E+00
      49  6.38786E+03  3.45119E-01  9.76809E-01  5.59962E-03  5.21991E+00  0.00000E+00
      50  3.19393E+03  3.46060E-01  9.75812E-01  6.79817E-03  5.21991E+00  0.00000E+00
      51  3.19393E+03  3.46062E-01  9.76025E-01  6.78046E-03  5.21991E+00  0.00000E+00
      52  3.19393E+03  3.45857E-01  9.75581E-01  7.00177E-03  5.21991E+00  0.00000E+00
      53  3.19393E+03  3.46068E-01  9.75799E-01  6.98403E-03  5.21991E+00  0.00000E+00
      54  3.19393E+03  3.46071E-01  9.76021E-01  6.97990E-03  5.21991E+00  0.00000E+00
      60  3.19393E+03  3.46068E-01  9.75399E-01  7.00517E-03  3.48458E+00  0.00000E+00
      61  3.19393E+03  3.45849E-01  9.75621E-01  6.98755E-03  3.48458E+00  0.00000E+00
      62  3.19393E+03  3.46287E-01  9.75619E-01  6.99600E-03  3.48458E+00  0.00000E+00
      80  3.19393E+03  3.45579E-01  9.72021E-01  1.01354E-02  1.74400E+00  0.00000E+00
      81  3.19393E+03  3.45104E-01  9.77369E-01  5.28616E-03  1.74400E+00  0.00000E+00
      82  3.19393E+03  3.45838E-01  9.75903E-01  6.73999E-03  1.74400E+00  0.00000E+00
      90  3.19393E+03  3.45581E-01  9.71802E-01  1.01318E-02  0.00000E+00  0.00000E+00
      91  3.19393E+03  3.45581E-01  9.72046E-01  1.01318E-02  0.00000E+00  0.00000E+00
      92  3.19393E+03  3.46069E-01  9.75708E-01  6.71387E-03  0.00000E+00  0.00000E+00
      93  3.19393E+03  3.45825E-01  9.75952E-01  6.71387E-03  0.00000E+00  0.00000E+00
      94  3.19393E+03  3.46069E-01  9.75708E-01  6.95801E-03  0.00000E+00  0.00000E+00
       8  3.19393E+03  7.68466E-01  7.76491E-01  4.86460E-01  1.72214E+01  0.00000E+00
      83  3.19393E+03  7.68436E-01  7.76489E-01  4.86451E-01  1.74400E+00  0.00000E+00
      63  3.19393E+03  5.84594E-01  9.91790E-01  5.48954E-01  3.48458E+00  0.00000E+00
      24  3.19393E+03  6.92003E-01  8.27761E-01  9.47142E-01  1.03956E+01  0.00000E+00
      95  3.19393E+03  7.83813E-01  9.77905E-01  9.50806E-01  0.00000E+00  0.00000E+00
      84  3.19393E+03  6.28054E-01  7.03244E-01  5.05977E-01  1.74400E+00  0.00000E+00
      15  3.19393E+03  7.98040E-01  6.67393E-01  5.87763E-01  1.38195E+01  0.00000E+00
      43  9.58178E+03  7.98230E-01  6.67372E-01  5.87762E-01  6.95041E+00  0.00000E+00
      85  3.19393E+03  8.37038E-01  6.28303E-01  6.01686E-01  1.74400E+00  0.00000E+00
      96  3.19393E+03  6.80786E-01  4.06860E-01  5.69946E-01  0.00000E+00  0.00000E+00
      25  3.19393E+03  6.55871E-01  4.14928E-01  5.32852E-01  1.03956E+01  0.00000E+00
      33  3.19393E+03  6.90262E-01  4.06376E-01  5.61635E-01  8.67537E+00  0.00000E+00
      64  3.19393E+03  6.97115E-01  4.03447E-01  5.60188E-01  3.48458E+00  0.00000E+00
      65  3.19393E+03  6.97344E-01  4.03440E-01  5.60190E-01  3.48458E+00  0.00000E+00
      97  3.19393E+03  6.97144E-01  4.03687E-01  5.60181E-01  0.00000E+00  0.00000E+00
      66  3.19393E+03  6.12415E-01  4.55673E-01  7.01050E-01  3.48458E+00  0.00000E+00
      86  3.19393E+03  6.12421E-01  4.55680E-01  7.01050E-01  1.74400E+00  0.00000E+00
      98  3.19393E+03  6.11450E-01  4.56177E-01  7.01782E-01  0.00000E+00  0.00000E+00
      16  3.19393E+03  6.50988E-01  3.60454E-01  7.13226E-01  1.38195E+01  0.00000E+00
      67  3.19393E+03  6.51000E-01  3.60466E-01  7.13477E-01  3.48458E+00  0.00000E+00
      68  3.19393E+03  6.51222E-01  3.60468E-01  7.13711E-01  3.48458E+00  0.00000E+00
      99  3.19393E+03  6.51001E-01  3.60474E-01  7.13257E-01  0.00000E+00  0.00000E+00
      26  3.19393E+03  5.90699E-01  3.40684E-01  7.62985E-01  1.03956E+01  0.00000E+00
      34  3.19393E+03  9.73292E-01  1.96226E-01  7.68670E-01  8.67537E+00  0.00000E+00
      87  3.19393E+03  9.73274E-01  1.96417E-01  7.68675E-01  1.74400E+00  0.00000E+00
      17  3.19393E+03  9.38005E-01  1.33623E-01  7.50667E-01  1.38195E+01  0.00000E+00
      88  3.19393E+03  9.37887E-01  1.33457E-01  7.50617E-01  1.74400E+00  0.00000E+00
      44  3.19393E+03  6.62700E-01  1.15088E-01  5.40652E-01  6.95041E+00  0.00000E+00
      55  3.19393E+03  8.95862E-01  1.35874E-01  5.32081E-01  5.21991E+00  0.00000E+00
      69  3.19393E+03  8.95866E-01  1.35871E-01  5.32088E-01  3.48458E+00  0.00000E+00
      35  3.19393E+03  8.81719E-01  1.12661E-01  2.58175E-01  8.67537E+00  0.00000E+00
      27  3.19393E+03  9.14681E-01  1.79036E-01  3.86111E-01  1.03956E+01  0.00000E+00
     100  3.19393E+03  8.37524E-01  2.32788E-01  6.87256E-02  0.00000E+00  0.00000E+00
